All 788 solutions for a(14):

{7 19 2a 34 4c 52 61 181 282 304 484 502 601 888 910 a20 c40 1090 1108 1240 1420 1801 20a0 2140 2208 2410 2802 3004}
{7 19 2a 34 4c 52 61 181 282 304 484 502 601 888 910 a20 c40 1090 1108 1240 1420 1801 20a0 2140 2208 2410 2804 3002}
{7 19 2a 34 4c 52 61 181 282 304 484 502 601 888 910 a20 c40 1090 1108 1240 1420 1802 20a0 2140 2208 2410 2804 3001}
{7 19 2a 34 4c 52 61 181 282 304 484 502 601 888 910 a20 c40 1090 1108 1240 1420 1802 20a0 2140 2210 2408 2801 3004}
{7 19 2a 34 4c 52 61 181 282 304 484 502 601 888 910 a20 c40 1090 1120 1240 1408 1801 20c0 2108 2210 2420 2802 3004}
{7 19 2a 34 4c 52 61 181 282 304 484 502 601 888 910 a20 c40 1090 1120 1240 1408 1801 20c0 2108 2210 2420 2804 3002}
{7 19 2a 34 4c 52 61 181 282 304 484 502 601 888 910 a40 c20 1090 1108 1220 1440 1802 20a0 2140 2210 2408 2801 3004}
{7 19 2a 34 4c 52 61 181 282 304 484 502 601 888 910 a40 c20 1090 1120 1208 1440 1801 20a0 2140 2210 2408 2802 3004}
{7 19 2a 34 4c 52 61 181 282 304 484 502 601 888 910 a40 c20 1090 1120 1208 1440 1801 20c0 2108 2220 2410 2802 3004}
{7 19 2a 34 4c 52 61 181 282 304 484 502 601 888 910 a40 c20 1090 1120 1208 1440 1802 20a0 2140 2210 2408 2801 3004}
{7 19 2a 34 4c 52 61 181 282 304 484 502 601 888 910 a40 c20 1090 1120 1208 1440 1802 20c0 2108 2220 2410 2804 3001}
{7 19 2a 34 4c 52 61 181 282 304 484 502 601 888 920 a40 c10 1090 1140 1220 1408 1801 20a0 2108 2210 2440 2802 3004}
{7 19 2a 34 4c 52 61 181 282 304 484 502 601 888 920 a40 c10 1090 1140 1220 1408 1801 20a0 2108 2210 2440 2804 3002}
{7 19 2a 34 4c 52 61 181 282 304 484 502 601 888 920 a40 c10 1090 1140 1220 1408 1802 20a0 2108 2210 2440 2804 3001}
{7 19 2a 34 4c 52 61 181 282 304 484 502 608 888 910 a20 c40 1090 1120 1240 1401 1802 20a0 2140 2201 2410 2804 3008}
{7 19 2a 34 4c 52 61 181 282 304 484 502 608 888 910 a20 c40 10a0 1108 1240 1410 1801 20c0 2120 2210 2401 2802 3004}
{7 19 2a 34 4c 52 61 181 282 304 484 502 608 888 910 a40 c20 1090 1120 1201 1440 1802 20a0 2140 2210 2401 2804 3008}
{7 19 2a 34 4c 52 61 181 282 304 484 502 608 888 910 a40 c20 1090 1120 1201 1440 1802 20c0 2108 2220 2410 2801 3004}
{7 19 2a 34 4c 52 61 181 282 304 484 502 608 888 910 a40 c20 1090 1120 1201 1440 1804 20a0 2140 2210 2401 2802 3008}
{7 19 2a 34 4c 52 61 181 282 304 484 502 608 888 910 a40 c20 10a0 1108 1210 1440 1801 20c0 2120 2201 2410 2802 3004}
{7 19 2a 34 4c 52 61 181 282 304 484 502 608 888 920 a10 c40 1090 1140 1201 1420 1802 20a0 2110 2240 2401 2804 3008}
{7 19 2a 34 4c 52 61 181 282 304 484 502 608 888 920 a10 c40 1090 1140 1201 1420 1802 20c0 2108 2220 2410 2801 3004}
{7 19 2a 34 4c 52 61 181 282 304 484 502 608 888 920 a10 c40 1090 1140 1201 1420 1804 20a0 2110 2240 2401 2802 3008}
{7 19 2a 34 4c 52 61 181 282 304 484 502 608 888 920 a10 c40 1090 1140 1201 1420 1804 20c0 2108 2220 2410 2801 3002}
{7 19 2a 34 4c 52 61 181 282 304 484 502 608 888 920 a10 c40 1090 1140 1220 1401 1802 20a0 2108 2240 2410 2801 3004}
{7 19 2a 34 4c 52 61 181 282 304 484 502 608 888 920 a10 c40 1090 1140 1220 1401 1802 20c0 2110 2201 2420 2804 3008}
{7 19 2a 34 4c 52 61 181 282 304 484 502 608 888 920 a10 c40 1090 1140 1220 1401 1804 20c0 2110 2201 2420 2802 3008}
{7 19 2a 34 4c 52 61 181 282 304 484 502 608 888 920 a10 c40 10a0 1110 1240 1401 1802 20c0 2108 2220 2410 2801 3004}
{7 19 2a 34 4c 52 61 181 282 304 484 502 608 888 920 a10 c40 10a0 1110 1240 1401 1804 20c0 2108 2220 2410 2801 3002}
{7 19 2a 34 4c 52 61 181 282 304 484 502 608 888 920 a40 c10 1090 1140 1201 1420 1804 20a0 2108 2210 2440 2801 3002}
{7 19 2a 34 4c 52 61 181 282 304 484 502 608 888 920 a40 c10 1090 1140 1220 1401 1802 20a0 2110 2201 2440 2804 3008}
{7 19 2a 34 4c 52 61 181 282 304 484 502 608 888 920 a40 c10 1090 1140 1220 1401 1802 20c0 2110 2201 2420 2804 3008}
{7 19 2a 34 4c 52 61 181 282 304 484 502 608 888 920 a40 c10 1090 1140 1220 1401 1804 20a0 2108 2210 2440 2801 3002}
{7 19 2a 34 4c 52 61 181 282 304 484 502 608 888 920 a40 c10 1090 1140 1220 1401 1804 20c0 2110 2201 2420 2802 3008}
{7 19 2a 34 4c 52 61 181 282 304 484 502 608 888 920 a40 c10 10a0 1140 1210 1401 1802 20c0 2110 2201 2420 2804 3008}
{7 19 2a 34 4c 52 61 181 282 304 484 508 610 888 902 a20 c40 1090 1140 1201 1420 1804 20a0 2110 2240 2402 2801 3008}
{7 19 2a 34 4c 52 61 181 282 304 484 508 610 888 902 a20 c40 1090 1140 1201 1420 1804 20c0 2120 2208 2401 2810 3002}
{7 19 2a 34 4c 52 61 181 282 304 484 508 610 888 902 a20 c40 1090 1140 1208 1420 1801 20a0 2110 2240 2401 2804 3002}
{7 19 2a 34 4c 52 61 181 282 304 484 508 610 888 902 a40 c20 1090 1120 1201 1440 1804 20a0 2140 2208 2401 2810 3002}
{7 19 2a 34 4c 52 61 181 282 304 484 508 610 888 902 a40 c20 1090 1120 1201 1440 1804 20c0 2110 2220 2402 2801 3008}
{7 19 2a 34 4c 52 61 181 282 304 484 508 610 888 902 a40 c20 1090 1140 1220 1402 1801 20a0 2110 2201 2440 2804 3008}
{7 19 2a 34 4c 52 61 181 282 304 484 508 610 888 902 a40 c20 1090 1140 1220 1402 1801 20c0 2120 2208 2401 2810 3004}
{7 19 2a 34 4c 52 61 181 282 304 484 508 610 888 902 a40 c20 10a0 1140 1208 1401 1810 20c0 2110 2220 2402 2801 3004}
{7 19 2a 34 4c 52 61 181 282 304 484 508 610 888 910 a20 c40 1090 1120 1240 1401 1802 20a0 2140 2201 2402 2804 3008}
{7 19 2a 34 4c 52 61 181 282 304 484 508 610 888 920 a01 c40 1090 1140 1208 1420 1802 20c0 2102 2220 2401 2810 3004}
{7 19 2a 34 4c 52 61 181 282 304 484 508 610 888 920 a01 c40 1090 1140 1220 1401 1802 20a0 2110 2240 2402 2804 3008}
{7 19 2a 34 4c 52 61 181 282 304 484 508 610 888 920 a01 c40 1090 1140 1220 1402 1804 20a0 2102 2240 2401 2810 3008}
{7 19 2a 34 4c 52 61 181 282 304 484 508 610 888 920 a01 c40 1090 1140 1220 1402 1804 20c0 2102 2208 2420 2810 3001}
{7 19 2a 34 4c 52 61 181 282 304 484 508 610 888 920 a01 c40 1090 1140 1220 1402 1804 20c0 2110 2208 2420 2802 3001}
{7 19 2a 34 4c 52 61 181 282 304 484 508 610 888 920 a01 c40 10a0 1110 1240 1402 1804 20c0 2102 2208 2420 2810 3001}
{7 19 2a 34 4c 52 61 181 282 304 484 508 610 888 920 a40 c01 1090 1102 1220 1440 1804 20a0 2140 2201 2402 2810 3008}
{7 19 2a 34 4c 52 61 181 282 304 484 508 610 888 920 a40 c01 1090 1102 1220 1440 1804 20a0 2140 2208 2402 2810 3001}
{7 19 2a 34 4c 52 61 181 282 304 484 508 610 888 920 a40 c01 1090 1102 1220 1440 1804 20c0 2110 2201 2420 2802 3008}
{7 19 2a 34 4c 52 61 181 282 304 484 508 610 888 920 a40 c01 1090 1102 1220 1440 1804 20c0 2110 2208 2420 2802 3001}
{7 19 2a 34 4c 52 61 181 282 304 484 508 610 888 920 a40 c02 1090 1140 1208 1420 1801 20c0 2102 2220 2401 2810 3004}
{7 19 2a 34 4c 52 61 181 282 308 484 510 640 888 920 a01 c02 1090 1140 1220 1408 1804 20a0 2104 2210 2401 2840 3002}
{7 19 2a 34 4c 52 61 181 282 308 484 520 640 888 902 a01 c10 1090 1140 1220 1408 1804 20a0 2104 2210 2401 2840 3002}
{7 19 2a 34 4c 52 a1 141 260 380 482 504 601 884 902 a08 c10 1088 1110 1202 1420 1840 2090 2108 2204 2440 2820 3001}
{7 19 2a 34 4c 52 a1 141 260 380 482 504 601 884 902 a08 c10 1088 1110 1202 1440 1820 2090 2108 2204 2420 2840 3001}
{7 19 2a 34 4c 52 a1 141 260 380 482 504 601 884 902 a08 c10 1088 1110 1202 1440 1820 2090 2120 2204 2408 2840 3001}
{7 19 2a 34 4c 52 a1 141 260 380 482 504 601 884 902 a08 c10 1088 1110 1202 1440 1820 20c0 2108 2210 2420 2801 3004}
{7 19 2a 34 4c 52 a1 141 260 380 482 504 601 884 902 a08 c10 1088 1110 1204 1420 1840 2090 2108 2202 2440 2820 3001}
{7 19 2a 34 4c 52 a1 141 260 380 482 504 601 884 902 a08 c10 1088 1110 1204 1440 1820 2090 2108 2202 2420 2840 3001}
{7 19 2a 34 4c 52 a1 141 260 380 482 504 601 884 902 a08 c10 1088 1110 1204 1440 1820 2090 2120 2202 2408 2840 3001}
{7 19 2a 34 4c 52 a1 141 260 380 482 504 601 884 902 a08 c10 1088 1110 1204 1440 1820 20c0 2108 2210 2420 2801 3002}
{7 19 2a 34 4c 52 a1 141 260 380 482 504 601 884 902 a08 c10 1088 1120 1210 1440 1801 20c0 2110 2202 2408 2820 3004}
{7 19 2a 34 4c 52 a1 141 260 380 482 504 601 884 902 a08 c10 1088 1120 1210 1440 1801 20c0 2110 2204 2408 2820 3002}
{7 19 2a 34 4c 52 a1 141 260 380 482 504 601 884 902 a10 c08 1088 1110 1202 1420 1840 2090 2108 2204 2440 2820 3001}
{7 19 2a 34 4c 52 a1 141 260 380 482 504 601 884 902 a10 c08 1088 1110 1202 1420 1840 2090 2120 2208 2440 2801 3004}
{7 19 2a 34 4c 52 a1 141 260 380 482 504 601 884 902 a10 c08 1088 1110 1202 1420 1840 20c0 2108 2204 2410 2820 3001}
{7 19 2a 34 4c 52 a1 141 260 380 482 504 601 884 902 a10 c08 1088 1110 1204 1420 1840 2090 2108 2202 2440 2820 3001}
{7 19 2a 34 4c 52 a1 141 260 380 482 504 601 884 902 a10 c08 1088 1110 1204 1420 1840 2090 2120 2208 2440 2801 3002}
{7 19 2a 34 4c 52 a1 141 260 380 482 504 601 884 902 a10 c08 1088 1110 1204 1420 1840 20c0 2108 2202 2410 2820 3001}
{7 19 2a 34 4c 52 a1 141 260 380 482 504 601 884 902 a10 c08 1088 1120 1204 1410 1840 20c0 2110 2208 2420 2801 3002}
{7 19 2a 34 4c 52 a1 141 260 380 482 504 601 884 908 a02 c10 1088 1102 1210 1420 1840 2090 2120 2208 2440 2801 3004}
{7 19 2a 34 4c 52 a1 141 260 380 482 504 601 884 908 a02 c10 1088 1102 1210 1420 1840 20c0 2110 2204 2408 2820 3001}
{7 19 2a 34 4c 52 a1 141 260 380 482 504 601 884 908 a02 c10 1088 1102 1210 1440 1820 2090 2120 2204 2408 2840 3001}
{7 19 2a 34 4c 52 a1 141 260 380 482 504 601 884 908 a02 c10 1088 1102 1210 1440 1820 20c0 2110 2208 2420 2801 3004}
{7 19 2a 34 4c 52 a1 141 260 380 482 504 601 884 908 a02 c10 1088 1110 1204 1420 1840 2090 2102 2208 2440 2820 3001}
{7 19 2a 34 4c 52 a1 141 260 380 482 504 601 884 908 a02 c10 1088 1110 1204 1420 1840 2090 2120 2208 2440 2801 3002}
{7 19 2a 34 4c 52 a1 141 260 380 482 504 601 884 908 a02 c10 1088 1110 1204 1420 1840 20c0 2102 2210 2408 2820 3001}
{7 19 2a 34 4c 52 a1 141 260 380 482 504 601 884 908 a02 c10 1088 1110 1204 1420 1840 20c0 2120 2210 2408 2801 3002}
{7 19 2a 34 4c 52 a1 141 260 380 482 504 601 884 908 a02 c10 1088 1110 1204 1440 1820 2090 2102 2208 2420 2840 3001}
{7 19 2a 34 4c 52 a1 141 260 380 482 504 601 884 908 a02 c10 1088 1110 1204 1440 1820 20c0 2120 2210 2408 2801 3002}
{7 19 2a 34 4c 52 a1 141 260 380 482 504 601 884 908 a02 c10 1088 1120 1210 1440 1801 2090 2102 2208 2420 2840 3004}
{7 19 2a 34 4c 52 a1 141 260 380 482 504 601 884 908 a02 c10 1088 1120 1210 1440 1801 20c0 2110 2204 2408 2820 3002}
{7 19 2a 34 4c 52 a1 141 260 380 482 504 601 884 908 a02 c10 1090 1102 1208 1420 1840 20c0 2110 2204 2408 2820 3001}
{7 19 2a 34 4c 52 a1 141 260 380 482 504 601 884 908 a02 c10 1090 1102 1208 1440 1820 20c0 2120 2210 2408 2801 3004}
{7 19 2a 34 4c 52 a1 141 260 380 482 504 601 884 908 a02 c10 1090 1120 1204 1408 1840 20c0 2110 2208 2420 2801 3002}
{7 19 2a 34 4c 52 a1 141 260 380 482 504 601 884 908 a02 c10 1090 1120 1208 1440 1801 20c0 2102 2210 2408 2820 3004}
{7 19 2a 34 4c 52 a1 141 260 380 482 504 601 884 908 a02 c10 1090 1120 1208 1440 1801 20c0 2110 2204 2408 2820 3002}
{7 19 2a 34 4c 52 a1 141 260 380 482 504 601 884 908 a10 c20 1088 1110 1202 1440 1801 2090 2102 2204 2408 2840 3020}
{7 19 2a 34 4c 52 a1 141 260 380 482 504 601 884 908 a10 c20 1088 1110 1202 1440 1801 20c0 2120 2208 2410 2802 3004}
{7 19 2a 34 4c 52 a1 141 260 380 482 504 601 884 908 a10 c20 1088 1110 1204 1440 1802 2090 2120 2202 2408 2840 3001}
{7 19 2a 34 4c 52 a1 141 260 380 482 504 601 884 908 a10 c20 1088 1110 1204 1440 1802 20c0 2102 2208 2410 2801 3020}
{7 19 2a 34 4c 52 a1 141 260 380 482 504 601 884 908 a10 c20 1088 1120 1202 1410 1840 20c0 2110 2204 2408 2802 3001}
{7 19 2a 34 4c 52 a1 141 260 380 482 504 601 884 908 a10 c20 1090 1102 1204 1408 1840 20c0 2120 2208 2410 2802 3001}
{7 19 2a 34 4c 52 a1 141 260 380 482 504 601 884 908 a10 c20 1090 1102 1208 1440 1801 20c0 2110 2204 2408 2802 3020}
{7 19 2a 34 4c 52 a1 141 260 380 482 504 601 884 908 a10 c20 1090 1120 1202 1408 1840 20c0 2102 2208 2410 2801 3004}
{7 19 2a 34 4c 52 a1 141 260 380 482 504 601 884 908 a10 c20 1090 1120 1208 1440 1802 20c0 2110 2202 2408 2801 3004}
{7 19 2a 34 4c 52 a1 141 260 380 482 504 601 884 908 a10 c40 1088 1110 1202 1420 1801 2090 2102 2204 2408 2820 3040}
{7 19 2a 34 4c 52 a1 141 260 380 482 504 601 884 908 a10 c40 1088 1110 1202 1420 1801 20c0 2102 2208 2410 2820 3004}
{7 19 2a 34 4c 52 a1 141 260 380 482 504 601 884 908 a10 c40 1088 1110 1204 1420 1802 2090 2120 2202 2408 2801 3040}
{7 19 2a 34 4c 52 a1 141 260 380 482 504 601 884 908 a10 c40 1088 1110 1204 1420 1802 20c0 2102 2208 2410 2820 3001}
{7 19 2a 34 4c 52 a1 141 260 380 482 504 601 884 908 a10 c40 1088 1120 1202 1410 1801 2090 2102 2204 2408 2820 3040}
{7 19 2a 34 4c 52 a1 141 260 380 482 504 601 884 908 a10 c40 1088 1120 1204 1410 1802 2090 2102 2208 2420 2801 3040}
{7 19 2a 34 4c 52 a1 141 260 380 482 504 601 884 908 a10 c40 1090 1102 1204 1408 1820 20c0 2110 2208 2420 2802 3001}
{7 19 2a 34 4c 52 a1 141 260 380 482 504 601 884 908 a10 c40 1090 1102 1204 1408 1820 20c0 2120 2208 2410 2802 3001}
{7 19 2a 34 4c 52 a1 141 260 380 482 504 601 884 908 a10 c40 1090 1120 1202 1408 1801 20c0 2102 2208 2410 2820 3004}
{7 19 2a 34 4c 52 a1 141 260 380 482 504 601 884 908 a10 c40 1090 1120 1202 1408 1801 20c0 2110 2208 2420 2802 3004}
{7 19 2a 34 4c 52 a1 141 260 380 482 504 601 884 910 a02 c08 1088 1120 1204 1410 1840 2090 2102 2208 2440 2820 3001}
{7 19 2a 34 4c 52 a1 141 260 380 482 504 601 884 910 a02 c08 1088 1120 1204 1410 1840 20c0 2108 2210 2420 2801 3002}
{7 19 2a 34 4c 52 a1 141 260 380 482 504 601 884 910 a02 c08 1088 1120 1210 1440 1801 2090 2102 2208 2420 2840 3004}
{7 19 2a 34 4c 52 a1 141 260 380 482 504 601 884 910 a02 c08 1088 1120 1210 1440 1801 2090 2108 2204 2420 2840 3002}
{7 19 2a 34 4c 52 a1 141 260 380 482 504 601 884 910 a02 c08 1088 1120 1210 1440 1801 20c0 2102 2208 2410 2820 3004}
{7 19 2a 34 4c 52 a1 141 260 380 482 504 601 884 910 a02 c08 1088 1120 1210 1440 1801 20c0 2108 2204 2410 2820 3002}
{7 19 2a 34 4c 52 a1 141 260 380 482 504 601 884 910 a02 c08 1090 1102 1208 1420 1840 20c0 2108 2204 2410 2820 3001}
{7 19 2a 34 4c 52 a1 141 260 380 482 504 601 884 910 a02 c08 1090 1102 1208 1440 1820 20c0 2108 2210 2420 2801 3004}
{7 19 2a 34 4c 52 a1 141 260 380 482 504 601 884 910 a02 c08 1090 1108 1204 1420 1840 20c0 2102 2208 2410 2820 3001}
{7 19 2a 34 4c 52 a1 141 260 380 482 504 601 884 910 a02 c08 1090 1108 1204 1420 1840 20c0 2120 2208 2410 2801 3002}
{7 19 2a 34 4c 52 a1 141 260 380 482 504 601 884 910 a08 c20 1088 1120 1202 1410 1840 2090 2108 2204 2440 2802 3001}
{7 19 2a 34 4c 52 a1 141 260 380 482 504 601 884 910 a08 c20 1088 1120 1202 1410 1840 20c0 2102 2210 2408 2801 3004}
{7 19 2a 34 4c 52 a1 141 260 380 482 504 601 884 910 a08 c20 1088 1120 1210 1440 1802 20c0 2108 2202 2410 2801 3004}
{7 19 2a 34 4c 52 a1 141 260 380 482 504 601 884 910 a08 c20 1090 1108 1202 1440 1801 20c0 2120 2210 2408 2802 3004}
{7 19 2a 34 4c 52 a1 141 260 380 482 504 601 884 910 a08 c40 1088 1120 1202 1410 1801 2090 2108 2204 2420 2802 3040}
{7 19 2a 34 4c 52 a1 141 260 380 482 504 601 884 910 a08 c40 1088 1120 1202 1410 1801 20c0 2102 2210 2408 2820 3004}
{7 19 2a 34 4c 52 a1 141 260 380 482 504 601 884 910 a08 c40 1088 1120 1204 1410 1802 2090 2108 2202 2420 2801 3040}
{7 19 2a 34 4c 52 a1 141 260 380 482 504 601 884 910 a08 c40 1090 1108 1202 1420 1801 20c0 2120 2210 2408 2802 3004}
{7 19 2a 34 4c 52 a1 141 260 380 482 504 601 884 910 a08 c40 1090 1120 1202 1408 1801 20c0 2108 2210 2420 2802 3004}
{7 19 2a 34 4c 52 a1 141 260 380 482 504 601 884 920 a08 c10 1088 1110 1202 1420 1840 2090 2108 2204 2440 2802 3001}
{7 19 2a 34 4c 52 a1 141 260 380 482 504 601 884 920 a08 c10 1088 1110 1202 1440 1801 20c0 2108 2210 2420 2802 3004}
{7 19 2a 34 4c 52 a1 141 260 380 482 504 601 884 920 a08 c10 1090 1108 1202 1420 1840 20c0 2110 2204 2408 2802 3001}
{7 19 2a 34 4c 52 a1 141 260 380 482 504 601 884 920 a08 c10 1090 1108 1202 1440 1801 20c0 2110 2204 2408 2802 3020}
{7 19 2a 34 4c 52 a1 141 260 380 482 504 601 884 920 a08 c10 1090 1108 1204 1440 1802 20c0 2110 2202 2408 2801 3020}
{7 19 2a 34 4c 52 a1 141 260 380 482 504 601 884 920 a10 c08 1088 1110 1202 1420 1840 20c0 2108 2204 2410 2802 3001}
{7 19 2a 34 4c 52 a1 141 260 380 482 504 601 884 920 a10 c08 1088 1110 1202 1440 1801 20c0 2108 2204 2410 2802 3020}
{7 19 2a 34 4c 52 a1 141 260 380 482 504 601 888 910 a02 c20 1090 1108 1204 1440 1801 20c0 2120 2210 2408 2804 3002}
{7 19 2a 34 4c 52 a1 141 260 380 482 504 601 888 910 a02 c40 1090 1108 1204 1420 1801 20c0 2120 2208 2410 2804 3002}
{7 19 2a 34 4c 52 a1 141 260 380 482 504 601 888 910 a04 c20 1090 1108 1202 1440 1801 20c0 2120 2208 2410 2802 3004}
{7 19 2a 34 4c 52 a1 141 260 380 482 504 601 888 910 a04 c20 1090 1108 1202 1440 1801 20c0 2120 2210 2408 2802 3004}
{7 19 2a 34 4c 52 a1 141 260 380 482 504 601 888 910 a04 c20 1090 1120 1208 1440 1802 20c0 2108 2202 2410 2801 3004}
{7 19 2a 34 4c 52 a1 141 260 380 482 504 601 888 910 a04 c40 1090 1108 1202 1420 1801 20c0 2120 2208 2410 2802 3004}
{7 19 2a 34 4c 52 a1 141 260 380 482 504 601 888 910 a04 c40 1090 1120 1202 1408 1801 20c0 2108 2210 2420 2802 3004}
{7 19 2a 34 4c 52 a1 141 260 380 482 504 608 884 902 a10 c01 1088 1110 1202 1420 1840 2090 2108 2204 2440 2820 3001}
{7 19 2a 34 4c 52 a1 141 260 380 482 504 608 884 902 a10 c01 1088 1110 1202 1420 1840 2090 2120 2201 2440 2808 3004}
{7 19 2a 34 4c 52 a1 141 260 380 482 504 608 884 902 a10 c01 1088 1110 1202 1440 1820 2090 2108 2204 2420 2840 3001}
{7 19 2a 34 4c 52 a1 141 260 380 482 504 608 884 902 a10 c01 1088 1110 1202 1440 1820 20c0 2120 2204 2410 2808 3001}
{7 19 2a 34 4c 52 a1 141 260 380 482 504 608 884 902 a10 c01 1088 1110 1204 1420 1840 2090 2108 2202 2440 2820 3001}
{7 19 2a 34 4c 52 a1 141 260 380 482 504 608 884 902 a10 c01 1088 1110 1204 1420 1840 2090 2120 2201 2440 2808 3002}
{7 19 2a 34 4c 52 a1 141 260 380 482 504 608 884 902 a10 c01 1088 1110 1204 1420 1840 2090 2120 2202 2440 2808 3001}
{7 19 2a 34 4c 52 a1 141 260 380 482 504 608 884 902 a10 c01 1088 1110 1204 1420 1840 20c0 2120 2202 2410 2808 3001}
{7 19 2a 34 4c 52 a1 141 260 380 482 504 608 884 902 a10 c20 1088 1110 1202 1440 1801 2090 2108 2204 2401 2840 3020}
{7 19 2a 34 4c 52 a1 141 260 380 482 504 608 884 902 a10 c20 1088 1110 1204 1401 1840 2090 2108 2202 2440 2801 3020}
{7 19 2a 34 4c 52 a1 141 260 380 482 504 608 884 902 a10 c20 1088 1110 1204 1401 1840 2090 2120 2201 2440 2808 3002}
{7 19 2a 34 4c 52 a1 141 260 380 482 504 608 884 902 a10 c20 1088 1110 1204 1401 1840 20c0 2108 2202 2410 2801 3020}
{7 19 2a 34 4c 52 a1 141 260 380 482 504 608 884 902 a10 c20 1088 1110 1204 1440 1801 2090 2108 2202 2401 2840 3020}
{7 19 2a 34 4c 52 a1 141 260 380 482 504 608 884 908 a01 c10 1088 1102 1210 1440 1820 2090 2120 2202 2401 2840 3004}
{7 19 2a 34 4c 52 a1 141 260 380 482 504 608 884 908 a01 c10 1088 1102 1210 1440 1820 20c0 2110 2204 2420 2802 3001}
{7 19 2a 34 4c 52 a1 141 260 380 482 504 608 884 908 a01 c10 1088 1120 1210 1440 1802 2090 2102 2204 2420 2840 3001}
{7 19 2a 34 4c 52 a1 141 260 380 482 504 608 884 908 a01 c10 1090 1120 1202 1401 1840 20c0 2110 2204 2420 2802 3008}
{7 19 2a 34 4c 52 a1 141 260 380 482 504 608 884 908 a02 c10 1088 1120 1210 1401 1840 2090 2102 2201 2440 2820 3004}
{7 19 2a 34 4c 52 a1 141 260 380 482 504 608 884 908 a02 c10 1088 1120 1210 1440 1801 2090 2102 2201 2420 2840 3004}
{7 19 2a 34 4c 52 a1 141 260 380 482 504 608 884 908 a10 c01 1090 1102 1201 1420 1840 20c0 2120 2204 2410 2802 3008}
{7 19 2a 34 4c 52 a1 141 260 380 482 504 608 884 908 a10 c01 1090 1102 1201 1440 1820 20c0 2110 2204 2420 2802 3008}
{7 19 2a 34 4c 52 a1 141 260 380 482 504 608 884 908 a10 c01 1090 1102 1204 1440 1820 20c0 2110 2201 2420 2802 3008}
{7 19 2a 34 4c 52 a1 141 260 380 482 504 608 884 908 a10 c20 1090 1102 1204 1401 1840 20c0 2120 2202 2410 2801 3008}
{7 19 2a 34 4c 52 a1 141 260 380 482 504 608 884 908 a10 c20 1090 1120 1202 1440 1801 20c0 2110 2204 2401 2802 3008}
{7 19 2a 34 4c 52 a1 141 260 380 482 504 608 884 908 a10 c40 1088 1120 1201 1410 1802 2090 2102 2204 2401 2820 3040}
{7 19 2a 34 4c 52 a1 141 260 380 482 504 608 884 908 a10 c40 1090 1102 1204 1401 1820 20c0 2110 2201 2420 2802 3008}
{7 19 2a 34 4c 52 a1 141 260 380 482 504 608 884 910 a01 c20 1090 1120 1202 1440 1808 20c0 2108 2210 2401 2802 3004}
{7 19 2a 34 4c 52 a1 141 260 380 482 504 608 884 910 a01 c40 1090 1120 1202 1401 1808 20c0 2108 2210 2420 2802 3004}
{7 19 2a 34 4c 52 a1 141 260 380 482 504 610 884 902 a08 c01 1088 1110 1204 1420 1840 2090 2108 2202 2440 2820 3001}
{7 19 2a 34 4c 52 a1 141 260 380 482 504 610 884 902 a08 c20 1088 1110 1204 1401 1840 2090 2108 2202 2440 2801 3020}
{7 19 2a 34 4c 52 a1 141 260 380 482 504 610 884 902 a08 c20 1088 1110 1204 1440 1801 2090 2108 2202 2401 2840 3020}
{7 19 2a 34 4c 52 a1 141 260 380 482 504 610 884 902 a08 c20 1088 1110 1204 1440 1801 2090 2120 2201 2408 2840 3002}
{7 19 2a 34 4c 52 a1 141 260 380 482 504 610 884 902 a08 c20 1088 1110 1204 1440 1801 20c0 2108 2202 2401 2810 3020}
{7 19 2a 34 4c 52 a1 141 260 380 482 504 610 884 902 a08 c20 1088 1120 1201 1440 1810 20c0 2110 2204 2408 2801 3002}
{7 19 2a 34 4c 52 a1 141 260 380 482 504 610 884 908 a01 c20 1088 1102 1204 1440 1810 2090 2120 2202 2408 2840 3001}
{7 19 2a 34 4c 52 a1 141 260 380 482 504 610 884 908 a01 c20 1088 1102 1204 1440 1810 20c0 2110 2208 2401 2802 3020}
{7 19 2a 34 4c 52 a1 141 260 380 482 504 610 884 908 a01 c20 1088 1110 1204 1440 1802 2090 2102 2208 2401 2840 3020}
{7 19 2a 34 4c 52 a1 141 260 380 482 504 610 884 908 a01 c20 1088 1110 1204 1440 1802 2090 2120 2202 2408 2840 3001}
{7 19 2a 34 4c 52 a1 141 260 380 482 504 610 884 908 a01 c20 1088 1110 1204 1440 1802 20c0 2102 2208 2401 2810 3020}
{7 19 2a 34 4c 52 a1 141 260 380 482 504 610 884 908 a01 c20 1088 1110 1204 1440 1802 20c0 2120 2202 2408 2810 3001}
{7 19 2a 34 4c 52 a1 141 260 380 482 504 610 884 908 a01 c20 1090 1102 1204 1408 1840 20c0 2110 2208 2401 2802 3020}
{7 19 2a 34 4c 52 a1 141 260 380 482 504 610 884 908 a01 c20 1090 1102 1208 1401 1840 20c0 2110 2204 2408 2802 3020}
{7 19 2a 34 4c 52 a1 141 260 380 482 504 610 884 908 a01 c20 1090 1120 1202 1408 1840 20c0 2110 2208 2401 2802 3004}
{7 19 2a 34 4c 52 a1 141 260 380 482 504 610 884 908 a01 c20 1090 1120 1208 1440 1802 20c0 2102 2204 2408 2810 3001}
{7 19 2a 34 4c 52 a1 141 260 380 482 504 610 884 908 a01 c40 1088 1102 1204 1420 1810 2090 2120 2208 2401 2802 3040}
{7 19 2a 34 4c 52 a1 141 260 380 482 504 610 884 908 a01 c40 1088 1110 1204 1420 1802 2090 2102 2208 2401 2820 3040}
{7 19 2a 34 4c 52 a1 141 260 380 482 504 610 884 908 a01 c40 1090 1102 1204 1408 1820 20c0 2110 2208 2420 2802 3001}
{7 19 2a 34 4c 52 a1 141 260 380 482 504 610 884 908 a01 c40 1090 1102 1208 1401 1820 20c0 2120 2202 2408 2810 3004}
{7 19 2a 34 4c 52 a1 141 260 380 482 504 610 884 908 a02 c01 1088 1110 1204 1420 1840 2090 2102 2208 2440 2820 3001}
{7 19 2a 34 4c 52 a1 141 260 380 482 504 610 884 908 a02 c01 1088 1110 1204 1440 1820 2090 2120 2201 2408 2840 3002}
{7 19 2a 34 4c 52 a1 141 260 380 482 504 610 884 908 a02 c01 1088 1110 1204 1440 1820 20c0 2102 2208 2420 2810 3001}
{7 19 2a 34 4c 52 a1 141 260 380 482 504 610 884 908 a02 c01 1088 1120 1201 1440 1810 2090 2102 2208 2420 2840 3004}
{7 19 2a 34 4c 52 a1 141 260 380 482 504 610 884 908 a02 c01 1088 1120 1204 1440 1810 2090 2102 2208 2420 2840 3001}
{7 19 2a 34 4c 52 a1 141 260 380 482 504 610 884 908 a02 c01 1090 1102 1208 1420 1840 20c0 2110 2201 2408 2820 3004}
{7 19 2a 34 4c 52 a1 141 260 380 482 504 610 884 908 a02 c01 1090 1102 1208 1420 1840 20c0 2110 2204 2408 2820 3001}
{7 19 2a 34 4c 52 a1 141 260 380 482 504 610 884 908 a02 c01 1090 1102 1208 1420 1840 20c0 2120 2204 2408 2810 3001}
{7 19 2a 34 4c 52 a1 141 260 380 482 504 610 884 908 a02 c01 1090 1102 1208 1440 1820 20c0 2120 2204 2408 2810 3001}
{7 19 2a 34 4c 52 a1 141 260 380 482 504 610 884 908 a02 c01 1090 1120 1201 1408 1840 20c0 2102 2208 2420 2810 3004}
{7 19 2a 34 4c 52 a1 141 260 380 482 504 610 884 908 a02 c20 1088 1110 1204 1401 1840 2090 2102 2208 2440 2801 3020}
{7 19 2a 34 4c 52 a1 141 260 380 482 504 610 884 908 a02 c20 1088 1110 1204 1401 1840 2090 2120 2208 2440 2801 3002}
{7 19 2a 34 4c 52 a1 141 260 380 482 504 610 884 908 a02 c20 1088 1110 1204 1401 1840 20c0 2102 2201 2408 2810 3020}
{7 19 2a 34 4c 52 a1 141 260 380 482 504 610 884 908 a02 c20 1088 1110 1204 1440 1801 2090 2120 2201 2408 2840 3002}
{7 19 2a 34 4c 52 a1 141 260 380 482 504 610 884 908 a02 c20 1088 1110 1204 1440 1801 2090 2120 2208 2401 2840 3002}
{7 19 2a 34 4c 52 a1 141 260 380 482 504 610 884 908 a02 c20 1088 1110 1204 1440 1801 20c0 2102 2201 2408 2810 3020}
{7 19 2a 34 4c 52 a1 141 260 380 482 504 610 884 908 a02 c20 1088 1110 1204 1440 1801 20c0 2102 2208 2401 2810 3020}
{7 19 2a 34 4c 52 a1 141 260 380 482 504 610 884 908 a02 c20 1088 1110 1204 1440 1801 20c0 2120 2208 2401 2810 3002}
{7 19 2a 34 4c 52 a1 141 260 380 482 504 610 884 908 a02 c20 1088 1120 1201 1440 1810 2090 2102 2208 2401 2840 3004}
{7 19 2a 34 4c 52 a1 141 260 380 482 504 610 884 908 a02 c20 1088 1120 1201 1440 1810 20c0 2110 2204 2408 2801 3002}
{7 19 2a 34 4c 52 a1 141 260 380 482 504 610 884 908 a02 c20 1090 1102 1201 1408 1840 20c0 2120 2208 2401 2810 3004}
{7 19 2a 34 4c 52 a1 141 260 380 482 504 610 884 908 a02 c20 1090 1102 1208 1401 1840 20c0 2110 2204 2408 2801 3020}
{7 19 2a 34 4c 52 a1 141 260 380 482 504 610 884 908 a02 c20 1090 1120 1201 1408 1840 20c0 2102 2208 2401 2810 3004}
{7 19 2a 34 4c 52 a1 141 260 380 482 504 610 884 908 a02 c20 1090 1120 1208 1401 1840 20c0 2110 2204 2408 2801 3002}
{7 19 2a 34 4c 52 a1 141 260 380 482 504 610 884 908 a02 c20 1090 1120 1208 1440 1801 20c0 2102 2201 2408 2810 3004}
{7 19 2a 34 4c 52 a1 141 260 380 482 504 610 884 908 a02 c40 1088 1110 1204 1401 1820 2090 2102 2208 2420 2801 3040}
{7 19 2a 34 4c 52 a1 141 260 380 482 504 610 884 908 a02 c40 1088 1110 1204 1420 1801 2090 2102 2208 2401 2820 3040}
{7 19 2a 34 4c 52 a1 141 260 380 482 504 610 884 908 a02 c40 1088 1120 1204 1401 1810 2090 2102 2201 2408 2820 3040}
{7 19 2a 34 4c 52 a1 141 260 380 482 504 610 884 908 a02 c40 1088 1120 1204 1401 1810 2090 2102 2208 2420 2801 3040}
{7 19 2a 34 4c 52 a1 141 260 380 482 504 610 884 908 a02 c40 1088 1120 1204 1401 1810 20c0 2110 2201 2408 2820 3002}
{7 19 2a 34 4c 52 a1 141 260 380 482 504 610 884 908 a02 c40 1088 1120 1204 1401 1810 20c0 2110 2208 2420 2801 3002}
{7 19 2a 34 4c 52 a1 141 260 380 482 504 610 884 908 a02 c40 1090 1102 1201 1408 1820 20c0 2110 2208 2420 2801 3004}
{7 19 2a 34 4c 52 a1 141 260 380 482 504 610 884 908 a02 c40 1090 1102 1208 1420 1801 20c0 2110 2201 2408 2820 3004}
{7 19 2a 34 4c 52 a1 141 260 380 482 504 610 884 910 a01 c08 1088 1120 1204 1440 1802 2090 2102 2208 2420 2840 3001}
{7 19 2a 34 4c 52 a1 141 260 380 482 504 610 884 910 a01 c08 1088 1120 1204 1440 1802 20c0 2108 2202 2401 2820 3010}
{7 19 2a 34 4c 52 a1 141 260 380 482 504 610 884 910 a01 c08 1090 1102 1208 1420 1840 20c0 2108 2202 2401 2820 3004}
{7 19 2a 34 4c 52 a1 141 260 380 482 504 610 884 910 a01 c08 1090 1120 1208 1440 1802 20c0 2108 2202 2401 2820 3004}
{7 19 2a 34 4c 52 a1 141 260 380 482 504 610 884 910 a08 c40 1088 1120 1204 1401 1802 20c0 2108 2202 2420 2801 3010}
{7 19 2a 34 4c 52 a1 141 260 380 482 504 610 884 910 a08 c40 1090 1120 1201 1408 1802 20c0 2108 2202 2401 2820 3004}
{7 19 2a 34 4c 52 a1 141 260 380 482 504 610 884 920 a01 c08 1088 1110 1204 1440 1802 20c0 2102 2208 2420 2810 3001}
{7 19 2a 34 4c 52 a1 141 260 380 482 504 610 884 920 a01 c08 1088 1110 1204 1440 1802 20c0 2108 2202 2401 2810 3020}
{7 19 2a 34 4c 52 a1 141 260 380 482 504 610 884 920 a01 c08 1088 1110 1204 1440 1802 20c0 2108 2202 2420 2810 3001}
{7 19 2a 34 4c 52 a1 141 260 380 482 504 610 884 920 a02 c08 1088 1110 1204 1440 1801 20c0 2102 2208 2401 2810 3020}
{7 19 2a 34 4c 52 a1 141 260 380 482 504 610 884 920 a08 c01 1088 1110 1204 1440 1802 20c0 2108 2202 2420 2810 3001}
{7 19 2a 34 4c 52 a1 141 260 380 482 508 601 884 910 a08 c20 1088 1102 1204 1410 1840 2090 2104 2202 2440 2801 3020}
{7 19 2a 34 4c 52 a1 141 260 380 482 508 601 884 910 a08 c20 1088 1104 1210 1440 1802 2090 2120 2202 2404 2840 3001}
{7 19 2a 34 4c 52 a1 141 260 380 482 508 601 884 910 a08 c20 1090 1120 1202 1404 1840 20c0 2102 2204 2410 2801 3008}
{7 19 2a 34 4c 52 a1 141 260 380 482 508 601 884 910 a08 c40 1088 1102 1204 1410 1820 2090 2104 2202 2420 2801 3040}
{7 19 2a 34 4c 52 a1 141 260 380 482 508 601 884 910 a08 c40 1088 1102 1204 1410 1820 2090 2120 2202 2404 2801 3040}
{7 19 2a 34 4c 52 a1 141 260 380 482 508 601 884 910 a08 c40 1088 1102 1204 1410 1820 20c0 2104 2210 2420 2802 3001}
{7 19 2a 34 4c 52 a1 141 260 380 482 508 601 884 910 a08 c40 1088 1104 1210 1420 1802 2090 2120 2202 2404 2801 3040}
{7 19 2a 34 4c 52 a1 141 260 380 482 508 601 884 910 a08 c40 1088 1120 1204 1410 1802 2090 2104 2202 2420 2801 3040}
{7 19 2a 34 4c 52 a1 141 260 380 482 508 601 884 910 a08 c40 1088 1120 1210 1404 1802 2090 2104 2202 2420 2801 3040}
{7 19 2a 34 4c 52 a1 141 260 380 482 508 601 884 910 a08 c40 1088 1120 1210 1404 1802 20c0 2102 2204 2410 2820 3001}
{7 19 2a 34 4c 52 a1 141 260 380 482 508 601 884 910 a08 c40 1088 1120 1210 1404 1802 20c0 2104 2202 2410 2820 3001}
{7 19 2a 34 4c 52 a1 141 260 380 482 508 601 884 910 a08 c40 1090 1120 1202 1404 1801 20c0 2102 2204 2410 2820 3008}
{7 19 2a 34 4c 52 a1 141 260 380 482 508 601 884 920 a02 c10 1088 1104 1210 1420 1840 20c0 2110 2208 2404 2801 3002}
{7 19 2a 34 4c 52 a1 141 260 380 482 508 601 888 902 a04 c10 1090 1120 1208 1404 1840 20c0 2104 2210 2420 2801 3002}
{7 19 2a 34 4c 52 a1 141 260 380 482 508 601 888 904 a10 c20 1090 1120 1202 1404 1840 20c0 2102 2204 2410 2801 3008}
{7 19 2a 34 4c 52 a1 141 260 380 482 508 601 888 904 a10 c40 1090 1120 1202 1404 1801 20c0 2102 2204 2410 2820 3008}
{7 19 2a 34 4c 52 a1 141 260 380 482 508 601 888 920 a04 c10 1090 1104 1202 1420 1840 20c0 2110 2208 2404 2802 3001}
{7 19 2a 34 4c 52 a1 141 260 380 482 508 601 888 920 a04 c10 1090 1104 1202 1440 1801 20c0 2110 2208 2404 2802 3020}
{7 19 2a 34 4c 52 a1 141 260 380 482 508 610 884 910 a08 c01 1088 1102 1204 1420 1840 2090 2104 2202 2440 2820 3001}
{7 19 2a 34 4c 52 a1 141 260 380 482 508 610 884 910 a08 c20 1088 1102 1204 1440 1801 2090 2104 2202 2401 2840 3020}
{7 19 2a 34 4c 52 a1 141 260 380 482 508 610 884 910 a08 c40 1088 1102 1204 1401 1820 2090 2120 2201 2404 2802 3040}
{7 19 2a 34 4c 52 a1 141 282 304 484 502 601 888 910 a20 c40 1090 1108 1240 1420 1801 20c0 2120 2208 2410 2804 3002}
{7 19 2a 34 4c 52 a1 141 282 304 484 502 601 888 910 a20 c40 1090 1108 1240 1420 1802 20c0 2120 2208 2410 2804 3001}
{7 19 2a 34 4c 52 a1 141 282 304 484 502 601 888 910 a20 c40 1090 1108 1240 1420 1802 20c0 2120 2210 2408 2801 3004}
{7 19 2a 34 4c 52 a1 141 282 304 484 502 601 888 910 a20 c40 1090 1120 1240 1408 1801 20c0 2108 2210 2420 2802 3004}
{7 19 2a 34 4c 52 a1 141 282 304 484 502 601 888 910 a40 c20 1090 1120 1208 1440 1802 20c0 2108 2220 2410 2804 3001}
{7 19 2a 34 4c 52 a1 141 282 304 484 502 608 888 910 a20 c40 1090 1120 1240 1401 1802 20c0 2108 2210 2420 2801 3004}
{7 19 2a 34 4c 52 a1 141 282 304 484 502 620 888 910 a01 c40 1090 1120 1240 1408 1802 20c0 2108 2210 2401 2820 3004}
{7 19 2a 34 4c 52 a1 141 282 304 484 508 601 888 910 a40 c20 1090 1120 1208 1440 1802 20c0 2102 2220 2410 2804 3001}
{7 19 2a 34 4c 52 a1 141 282 304 484 508 610 888 902 a40 c20 1090 1120 1201 1440 1804 20c0 2110 2220 2402 2801 3008}
{7 19 2a 34 4c 52 a1 141 282 304 484 508 610 888 902 a40 c20 1090 1120 1208 1440 1801 20c0 2110 2220 2401 2804 3002}
{7 19 2a 34 4c 52 a1 141 282 304 484 508 610 888 910 a20 c40 1090 1120 1240 1401 1802 20c0 2102 2208 2420 2801 3004}
{7 19 2a 34 4c 52 a1 141 282 304 484 508 610 888 910 a40 c20 1090 1120 1201 1440 1802 20c0 2102 2220 2401 2804 3008}
{7 19 2a 34 4c 52 a1 141 282 304 484 508 610 888 920 a01 c40 1090 1102 1240 1420 1804 20c0 2110 2220 2401 2802 3008}
{7 19 2a 34 4c 52 a1 141 282 304 484 508 610 888 920 a40 c01 1090 1102 1220 1440 1804 20c0 2110 2201 2420 2802 3008}
{7 19 2a 34 4c 52 a1 141 282 304 484 508 610 888 920 a40 c02 1090 1102 1220 1440 1801 20c0 2110 2201 2420 2804 3008}
{7 19 2a 34 4c 52 a1 141 282 304 484 508 620 888 902 a40 c10 1090 1120 1201 1440 1804 20c0 2110 2208 2401 2820 3002}
{7 19 2a 34 4c 52 a1 141 282 304 484 508 620 888 910 a01 c40 1090 1102 1240 1401 1820 20c0 2120 2208 2410 2802 3004}
{7 19 2a 34 4c 52 a1 141 282 304 484 508 620 888 910 a01 c40 1090 1120 1240 1401 1802 20c0 2102 2208 2410 2820 3004}
{7 19 2a 34 4c 52 a1 141 282 304 484 508 620 888 910 a01 c40 1090 1120 1240 1402 1804 20c0 2102 2208 2410 2820 3001}
{7 19 2a 34 4c 52 a1 141 282 304 484 508 620 888 910 a40 c02 1090 1120 1201 1440 1804 20c0 2102 2210 2401 2820 3008}
{7 19 2a 34 4c 52 a1 141 282 304 484 508 620 888 910 a40 c02 1090 1120 1208 1440 1801 20c0 2102 2210 2401 2820 3004}
{7 19 2a 34 4c 52 a1 141 282 304 484 508 620 888 920 a10 c40 1090 1102 1240 1401 1804 20c0 2110 2208 2402 2801 3020}
{7 19 2a 34 4c 52 a1 141 282 304 484 508 620 888 920 a40 c10 1090 1102 1201 1440 1804 20c0 2110 2208 2402 2801 3020}
{7 19 2a 34 4c 52 a1 141 282 304 484 508 620 888 920 a40 c10 1090 1102 1208 1440 1801 20c0 2110 2201 2402 2804 3020}
{7 19 2a 34 4c 52 a1 141 282 304 484 508 640 888 902 a20 c10 1090 1120 1201 1402 1840 20c0 2110 2208 2420 2801 3004}
{7 19 2a 34 4c 52 a1 141 282 304 484 508 640 888 910 a01 c20 1090 1102 1220 1401 1840 20c0 2120 2208 2410 2802 3004}
{7 19 2a 34 4c 52 a1 141 282 304 484 508 640 888 910 a01 c20 1090 1120 1208 1402 1840 20c0 2102 2220 2410 2804 3001}
{7 19 2a 34 4c 52 a1 141 282 304 484 508 640 888 910 a20 c02 1090 1120 1208 1401 1840 20c0 2102 2210 2420 2801 3004}
{7 19 2a 34 4c 52 a1 141 282 304 484 508 640 888 920 a01 c10 1090 1102 1208 1420 1840 20c0 2110 2220 2401 2802 3004}
{7 19 2a 34 4c 52 a1 141 282 304 484 508 640 888 920 a01 c10 1090 1102 1208 1420 1840 20c0 2110 2220 2402 2804 3001}
{7 19 2a 34 4c 52 a1 141 282 304 484 508 640 888 920 a01 c10 1090 1102 1220 1401 1840 20c0 2110 2208 2420 2802 3004}
{7 19 2a 34 4c 52 a1 141 282 304 484 508 640 888 920 a10 c02 1090 1102 1220 1401 1840 20c0 2110 2208 2420 2801 3004}
{7 19 2a 34 4c 52 a1 141 282 304 484 510 608 888 920 a01 c40 1090 1102 1240 1420 1804 20c0 2108 2220 2402 2810 3001}
{7 19 2a 34 4c 52 a1 141 282 304 484 510 608 888 920 a10 c40 1090 1102 1240 1420 1801 20c0 2108 2220 2401 2802 3004}
{7 19 2a 34 4c 52 a1 141 282 304 484 510 608 888 920 a40 c02 1090 1102 1220 1440 1801 20c0 2108 2201 2420 2810 3004}
{7 19 2a 34 4c 52 a1 141 282 304 484 510 640 888 920 a01 c02 1090 1102 1220 1408 1840 20c0 2108 2210 2420 2804 3001}
{7 19 2a 34 4c 52 a1 141 282 308 484 510 601 888 902 a20 c40 1090 1120 1240 1402 1804 20c0 2104 2210 2420 2801 3008}
{7 19 2a 34 4c 52 a1 141 282 308 484 510 601 888 902 a40 c20 1090 1104 1220 1440 1801 20c0 2120 2204 2408 2810 3002}
{7 19 2a 34 4c 52 a1 141 282 308 484 510 601 888 902 a40 c20 1090 1120 1204 1440 1801 20c0 2104 2220 2408 2810 3002}
{7 19 2a 34 4c 52 a1 141 282 308 484 510 601 888 904 a20 c40 1090 1120 1240 1408 1802 20c0 2102 2204 2420 2810 3001}
{7 19 2a 34 4c 52 a1 141 282 308 484 510 601 888 904 a40 c20 1090 1120 1204 1440 1802 20c0 2102 2220 2408 2810 3001}
{7 19 2a 34 4c 52 a1 141 282 308 484 510 620 888 902 a01 c40 1090 1120 1240 1402 1804 20c0 2104 2210 2401 2820 3008}
{7 19 2a 34 4c 52 a1 141 282 308 484 510 620 888 902 a04 c40 1090 1120 1240 1402 1801 20c0 2104 2210 2401 2820 3008}
{7 19 2a 34 4c 52 a1 141 282 308 484 510 620 888 902 a10 c40 1090 1120 1240 1401 1804 20c0 2104 2201 2402 2820 3008}
{7 19 2a 34 4c 52 a1 141 282 308 484 510 620 888 902 a40 c01 1090 1104 1201 1440 1820 20c0 2120 2204 2402 2810 3008}
{7 19 2a 34 4c 52 a1 141 282 308 484 510 620 888 902 a40 c01 1090 1104 1201 1440 1820 20c0 2120 2204 2408 2810 3002}
{7 19 2a 34 4c 52 a1 141 282 308 484 510 620 888 902 a40 c01 1090 1120 1201 1440 1804 20c0 2104 2210 2402 2820 3008}
{7 19 2a 34 4c 52 a1 141 282 308 484 510 620 888 904 a01 c40 1090 1102 1240 1408 1820 20c0 2120 2204 2402 2810 3001}
{7 19 2a 34 4c 52 a1 141 282 308 484 510 620 888 904 a10 c40 1090 1120 1240 1402 1801 20c0 2102 2204 2401 2820 3008}
{7 19 2a 34 4c 52 a1 141 282 308 484 510 620 888 904 a40 c01 1090 1102 1204 1440 1820 20c0 2120 2201 2402 2810 3008}
{7 19 2a 34 4c 52 a1 141 282 308 484 510 620 888 904 a40 c01 1090 1120 1204 1440 1802 20c0 2102 2210 2408 2820 3001}
{7 19 2a 34 4c 52 a1 141 282 308 484 510 620 888 904 a40 c02 1090 1120 1204 1440 1801 20c0 2102 2210 2401 2820 3008}
{7 19 2a 34 4c 52 a1 141 282 308 484 510 640 888 902 a01 c20 1090 1120 1204 1402 1840 20c0 2104 2220 2408 2810 3001}
{7 19 2a 34 4c 52 a1 141 282 308 484 510 640 888 902 a01 c20 1090 1120 1204 1408 1840 20c0 2104 2220 2402 2810 3001}
{7 19 2a 34 4c 52 a1 141 282 308 484 510 640 888 902 a10 c20 1090 1120 1204 1401 1840 20c0 2104 2220 2408 2801 3002}
{7 19 2a 34 4c 52 a1 141 282 308 484 510 640 888 904 a01 c20 1090 1120 1204 1402 1840 20c0 2102 2220 2408 2810 3001}
{7 19 2a 34 4c 52 a1 141 282 308 484 510 640 888 904 a10 c20 1090 1120 1201 1402 1840 20c0 2102 2220 2408 2801 3004}
{7 19 2a 34 4c 52 a1 141 282 308 484 510 640 888 904 a20 c02 1090 1120 1201 1408 1840 20c0 2102 2210 2420 2801 3004}
{7 19 2a 34 4c 52 a1 141 282 308 484 510 640 888 904 a20 c02 1090 1120 1204 1401 1840 20c0 2102 2210 2420 2801 3008}
{7 19 2a 34 4c 92 c1 121 242 304 450 502 680 860 980 a01 c08 1084 1108 1220 1401 1810 2088 2140 2210 2420 2804 3002}
{7 19 2a 34 4c 92 c1 121 242 304 450 502 680 860 980 a01 c08 1084 1108 1220 1401 1810 20a0 2110 2208 2404 2802 3040}
{7 19 2a 34 4c 92 c1 121 242 304 450 502 680 860 980 a01 c08 1084 1110 1208 1420 1802 2088 2140 2220 2404 2810 3001}
{7 19 2a 34 4c 92 c1 121 242 304 450 502 680 860 980 a01 c08 1084 1110 1208 1420 1802 20a0 2108 2210 2401 2804 3040}
{7 19 2a 34 4c 92 c1 121 242 304 450 502 680 860 980 a01 c08 1084 1140 1208 1420 1810 2088 2110 2220 2401 2804 3002}
{7 19 2a 34 4c 92 c1 121 242 304 450 502 680 860 980 a01 c08 1084 1140 1208 1420 1810 2088 2110 2220 2404 2802 3001}
{7 19 2a 34 4c 92 c1 121 242 304 450 502 680 860 980 a01 c08 1084 1140 1208 1420 1810 20a0 2108 2210 2401 2804 3002}
{7 19 2a 34 4c 92 c1 121 242 304 450 502 680 860 980 a01 c08 1088 1110 1220 1401 1804 20a0 2108 2210 2404 2802 3040}
{7 19 2a 34 4c 92 c1 121 242 304 450 502 680 860 980 a01 c08 1088 1110 1220 1404 1802 20a0 2108 2210 2401 2804 3040}
{7 19 2a 34 4c 92 c1 121 242 304 450 502 680 860 980 a01 c08 1088 1140 1210 1420 1804 20a0 2110 2208 2404 2802 3001}
{7 19 2a 34 4c 92 c1 121 242 304 450 502 680 860 980 a01 c08 1088 1140 1220 1404 1810 20a0 2108 2210 2401 2804 3002}
{7 19 2a 34 4c 92 c1 121 242 304 450 502 680 860 980 a08 c01 1084 1108 1210 1420 1802 2088 2140 2220 2404 2810 3001}
{7 19 2a 34 4c 92 c1 121 242 304 450 502 680 860 980 a08 c01 1084 1108 1210 1420 1802 20a0 2110 2201 2408 2804 3040}
{7 19 2a 34 4c 92 c1 121 242 304 450 502 680 860 980 a08 c01 1084 1140 1220 1408 1810 2088 2110 2201 2420 2804 3002}
{7 19 2a 34 4c 92 c1 121 242 304 450 502 680 860 980 a08 c01 1084 1140 1220 1408 1810 20a0 2108 2210 2404 2802 3001}
{7 19 2a 34 4c 92 c1 121 242 304 450 502 680 860 980 a08 c01 1088 1110 1201 1420 1804 20a0 2108 2210 2404 2802 3040}
{7 19 2a 34 4c 92 c1 121 242 304 450 502 680 860 980 a08 c01 1088 1140 1210 1420 1804 20a0 2108 2201 2404 2810 3002}
{7 19 2a 34 4c 92 c1 121 242 304 450 502 680 860 980 a08 c04 1084 1108 1210 1420 1801 2088 2140 2220 2401 2810 3002}
{7 19 2a 34 4c 92 c1 121 242 304 450 502 680 860 980 a08 c04 1084 1108 1210 1420 1801 20a0 2110 2201 2408 2802 3040}
{7 19 2a 34 4c 92 c1 121 242 304 450 502 680 860 980 a08 c04 1084 1108 1220 1401 1810 2088 2110 2201 2420 2802 3040}
{7 19 2a 34 4c 92 c1 121 242 304 450 502 680 860 980 a08 c04 1084 1108 1220 1401 1810 20a0 2110 2201 2408 2802 3040}
{7 19 2a 34 4c 92 c1 121 242 304 450 502 680 860 980 a08 c04 1084 1110 1220 1408 1801 20a0 2108 2210 2401 2802 3040}
{7 19 2a 34 4c 92 c1 121 242 304 450 502 680 860 980 a08 c04 1088 1140 1220 1401 1810 20a0 2110 2201 2408 2802 3004}
{7 19 2a 34 4c 92 c1 121 242 304 450 502 680 860 980 a10 c08 1084 1108 1220 1401 1802 2088 2110 2201 2420 2804 3040}
{7 19 2a 34 4c 92 c1 121 242 304 450 502 680 860 980 a10 c08 1084 1108 1220 1401 1802 2088 2140 2201 2420 2804 3010}
{7 19 2a 34 4c 92 c1 121 242 304 450 502 680 860 980 a10 c08 1084 1110 1208 1420 1801 2088 2140 2220 2401 2804 3002}
{7 19 2a 34 4c 92 c1 121 242 304 450 502 680 860 980 a10 c08 1084 1110 1208 1420 1801 20a0 2108 2201 2404 2802 3040}
{7 19 2a 34 4c 92 c1 121 242 304 450 502 680 860 980 a10 c08 1088 1140 1220 1401 1804 20a0 2108 2201 2404 2802 3010}
{7 19 2a 34 4c 92 c1 121 242 304 450 502 680 884 908 a10 c20 1088 1140 1220 1401 1802 20a0 2110 2201 2408 2840 3004}
{7 19 2a 34 4c 92 c1 121 242 304 450 502 680 884 908 a10 c20 1088 1140 1220 1404 1801 20a0 2110 2201 2408 2840 3002}
{7 19 2a 34 4c 92 c1 121 242 304 450 502 680 884 908 a20 c01 1088 1140 1210 1420 1802 20a0 2110 2201 2408 2840 3004}
{7 19 2a 34 4c 92 c1 121 242 304 450 502 680 884 908 a20 c01 1088 1140 1210 1420 1802 20a0 2110 2208 2404 2840 3001}
{7 19 2a 34 4c 92 c1 121 242 304 450 502 680 884 910 a20 c08 1088 1140 1201 1420 1802 20a0 2108 2210 2401 2840 3004}
{7 19 2a 34 4c 92 c1 121 242 304 450 502 680 884 910 a20 c08 1088 1140 1210 1420 1801 20a0 2108 2201 2404 2840 3002}
{7 19 2a 34 4c 92 c1 121 242 304 450 502 680 884 940 a08 c20 1088 1110 1220 1401 1802 20a0 2108 2210 2404 2801 3040}
{7 19 2a 34 4c 92 c1 121 242 304 450 502 680 884 940 a08 c20 1088 1110 1220 1404 1801 20a0 2108 2210 2401 2802 3040}
{7 19 2a 34 4c 92 c1 121 242 304 450 502 680 884 940 a20 c08 1088 1110 1201 1420 1802 20a0 2108 2210 2404 2801 3040}
{7 19 2a 34 4c 92 c1 121 242 304 450 508 680 860 980 a01 c02 1084 1102 1208 1420 1810 2088 2110 2220 2401 2804 3040}
{7 19 2a 34 4c 92 c1 121 242 304 450 508 680 860 980 a01 c02 1084 1110 1220 1401 1808 2088 2140 2210 2420 2804 3002}
{7 19 2a 34 4c 92 c1 121 242 304 450 508 680 860 980 a01 c02 1084 1110 1220 1401 1808 20a0 2102 2208 2404 2810 3040}
{7 19 2a 34 4c 92 c1 121 242 304 450 508 680 860 980 a01 c02 1084 1140 1208 1420 1810 2088 2110 2220 2401 2804 3002}
{7 19 2a 34 4c 92 c1 121 242 304 450 508 680 860 980 a01 c02 1088 1102 1220 1404 1810 20a0 2110 2208 2401 2804 3040}
{7 19 2a 34 4c 92 c1 121 242 304 450 508 680 860 980 a01 c04 1084 1102 1210 1420 1808 2088 2110 2220 2401 2802 3040}
{7 19 2a 34 4c 92 c1 121 242 304 450 508 680 860 980 a01 c04 1084 1102 1210 1420 1808 20a0 2110 2208 2401 2802 3040}
{7 19 2a 34 4c 92 c1 121 242 304 450 508 680 860 980 a01 c04 1084 1110 1208 1420 1802 2088 2140 2220 2402 2810 3001}
{7 19 2a 34 4c 92 c1 121 242 304 450 508 680 860 980 a01 c04 1084 1110 1208 1420 1802 20a0 2102 2210 2401 2808 3040}
{7 19 2a 34 4c 92 c1 121 242 304 450 508 680 860 980 a01 c04 1084 1110 1220 1402 1808 2088 2140 2210 2420 2802 3001}
{7 19 2a 34 4c 92 c1 121 242 304 450 508 680 860 980 a01 c04 1084 1110 1220 1402 1808 20a0 2102 2208 2401 2810 3040}
{7 19 2a 34 4c 92 c1 121 242 304 450 508 680 860 980 a01 c04 1088 1140 1210 1420 1802 20a0 2102 2208 2401 2810 3004}
{7 19 2a 34 4c 92 c1 121 242 304 450 508 680 860 980 a01 c04 1088 1140 1220 1402 1810 20a0 2102 2210 2401 2808 3004}
{7 19 2a 34 4c 92 c1 121 242 304 450 508 680 860 980 a08 c02 1084 1102 1201 1420 1810 2088 2110 2220 2401 2804 3040}
{7 19 2a 34 4c 92 c1 121 242 304 450 508 680 860 980 a08 c02 1084 1102 1201 1420 1810 2088 2110 2220 2404 2801 3040}
{7 19 2a 34 4c 92 c1 121 242 304 450 508 680 860 980 a08 c02 1084 1102 1210 1420 1801 2088 2110 2220 2401 2804 3040}
{7 19 2a 34 4c 92 c1 121 242 304 450 508 680 860 980 a08 c02 1084 1102 1220 1401 1810 2088 2110 2201 2420 2804 3040}
{7 19 2a 34 4c 92 c1 121 242 304 450 508 680 860 980 a08 c02 1084 1140 1201 1420 1810 2088 2110 2220 2401 2804 3002}
{7 19 2a 34 4c 92 c1 121 242 304 450 508 680 860 980 a08 c02 1084 1140 1201 1420 1810 2088 2110 2220 2404 2801 3002}
{7 19 2a 34 4c 92 c1 121 242 304 450 508 680 860 980 a08 c02 1084 1140 1220 1401 1810 2088 2110 2201 2420 2804 3002}
{7 19 2a 34 4c 92 c1 121 242 304 450 508 680 884 902 a08 c20 1088 1140 1220 1401 1810 20a0 2110 2201 2402 2840 3004}
{7 19 2a 34 4c 92 c1 121 242 304 450 508 680 884 902 a10 c20 1088 1140 1220 1402 1801 20a0 2110 2208 2401 2840 3004}
{7 19 2a 34 4c 92 c1 121 242 304 450 508 680 884 902 a20 c01 1088 1140 1201 1420 1810 20a0 2110 2208 2402 2840 3004}
{7 19 2a 34 4c 92 c1 121 242 304 450 508 680 884 910 a08 c20 1088 1140 1220 1402 1801 20a0 2102 2201 2404 2840 3010}
{7 19 2a 34 4c 92 c1 121 242 304 450 508 680 884 910 a08 c20 1088 1140 1220 1402 1801 20a0 2102 2210 2401 2840 3004}
{7 19 2a 34 4c 92 c1 121 242 304 450 508 680 884 910 a20 c01 1088 1140 1210 1420 1802 20a0 2102 2208 2404 2840 3001}
{7 19 2a 34 4c 92 c1 121 242 304 450 508 680 884 910 a20 c02 1088 1140 1210 1420 1801 20a0 2102 2208 2401 2840 3004}
{7 19 2a 34 4c 92 c1 121 242 304 450 580 601 860 902 a80 c08 1084 1108 1210 1420 1801 2088 2140 2220 2404 2810 3002}
{7 19 2a 34 4c 92 c1 121 242 304 450 580 601 860 902 a80 c08 1084 1108 1210 1420 1801 20a0 2110 2208 2402 2804 3040}
{7 19 2a 34 4c 92 c1 121 242 304 450 580 601 860 902 a80 c08 1084 1108 1210 1420 1801 20a0 2140 2208 2404 2810 3002}
{7 19 2a 34 4c 92 c1 121 242 304 450 580 601 860 902 a80 c08 1084 1108 1220 1402 1810 2088 2140 2210 2420 2804 3001}
{7 19 2a 34 4c 92 c1 121 242 304 450 580 601 860 902 a80 c08 1084 1108 1220 1402 1810 20a0 2110 2208 2404 2801 3040}
{7 19 2a 34 4c 92 c1 121 242 304 450 580 601 860 902 a80 c08 1084 1110 1208 1420 1801 2088 2140 2220 2404 2810 3002}
{7 19 2a 34 4c 92 c1 121 242 304 450 580 601 860 902 a80 c08 1084 1110 1208 1420 1801 20a0 2108 2210 2402 2804 3040}
{7 19 2a 34 4c 92 c1 121 242 304 450 580 601 860 902 a80 c08 1088 1110 1220 1402 1804 20a0 2108 2210 2404 2801 3040}
{7 19 2a 34 4c 92 c1 121 242 304 450 580 601 860 902 a80 c08 1088 1110 1220 1402 1804 20a0 2140 2208 2404 2810 3001}
{7 19 2a 34 4c 92 c1 121 242 304 450 580 601 860 902 a80 c08 1088 1110 1220 1404 1801 20a0 2108 2210 2402 2804 3040}
{7 19 2a 34 4c 92 c1 121 242 304 450 580 601 860 902 a80 c08 1088 1140 1210 1420 1804 20a0 2110 2208 2404 2801 3002}
{7 19 2a 34 4c 92 c1 121 242 304 450 580 601 860 902 a80 c08 1088 1140 1220 1404 1810 20a0 2108 2210 2402 2804 3001}
{7 19 2a 34 4c 92 c1 121 242 304 450 580 601 860 902 a80 c08 1088 1140 1220 1404 1810 20a0 2110 2208 2402 2804 3001}
{7 19 2a 34 4c 92 c1 121 242 304 450 580 601 860 908 a80 c02 1084 1102 1220 1408 1810 2088 2140 2210 2420 2804 3001}
{7 19 2a 34 4c 92 c1 121 242 304 450 580 601 860 908 a80 c02 1084 1102 1220 1408 1810 20a0 2110 2208 2404 2801 3040}
{7 19 2a 34 4c 92 c1 121 242 304 450 580 601 860 908 a80 c02 1084 1110 1208 1420 1801 2088 2102 2220 2404 2810 3040}
{7 19 2a 34 4c 92 c1 121 242 304 450 580 601 860 908 a80 c02 1084 1110 1208 1420 1801 2088 2140 2220 2404 2810 3002}
{7 19 2a 34 4c 92 c1 121 242 304 450 580 601 860 908 a80 c02 1084 1110 1208 1420 1801 20a0 2102 2210 2408 2804 3040}
{7 19 2a 34 4c 92 c1 121 242 304 450 580 601 860 908 a80 c02 1084 1110 1208 1420 1801 20a0 2140 2210 2408 2804 3002}
{7 19 2a 34 4c 92 c1 121 242 304 450 580 601 860 908 a80 c02 1084 1110 1220 1408 1801 2088 2102 2210 2420 2804 3040}
{7 19 2a 34 4c 92 c1 121 242 304 450 580 601 860 908 a80 c02 1084 1110 1220 1408 1801 2088 2140 2210 2420 2804 3002}
{7 19 2a 34 4c 92 c1 121 242 304 450 580 601 860 908 a80 c02 1084 1110 1220 1408 1801 20a0 2102 2208 2404 2810 3040}
{7 19 2a 34 4c 92 c1 121 242 304 450 580 601 860 908 a80 c02 1084 1110 1220 1408 1801 20a0 2140 2208 2404 2810 3002}
{7 19 2a 34 4c 92 c1 121 242 304 450 580 601 860 908 a80 c02 1084 1140 1208 1420 1810 2088 2110 2220 2404 2801 3002}
{7 19 2a 34 4c 92 c1 121 242 304 450 580 601 860 908 a80 c02 1084 1140 1220 1408 1810 2088 2102 2210 2420 2804 3001}
{7 19 2a 34 4c 92 c1 121 242 304 450 580 601 860 908 a80 c02 1084 1140 1220 1408 1810 20a0 2110 2208 2404 2801 3002}
{7 19 2a 34 4c 92 c1 121 242 304 450 580 601 860 908 a80 c02 1088 1102 1210 1420 1804 20a0 2110 2208 2404 2801 3040}
{7 19 2a 34 4c 92 c1 121 242 304 450 580 601 860 908 a80 c02 1088 1102 1210 1420 1804 20a0 2140 2208 2404 2810 3001}
{7 19 2a 34 4c 92 c1 121 242 304 450 580 601 860 908 a80 c02 1088 1102 1220 1404 1810 20a0 2140 2210 2408 2804 3001}
{7 19 2a 34 4c 92 c1 121 242 304 450 580 601 860 908 a80 c02 1088 1140 1210 1420 1804 20a0 2102 2208 2404 2810 3001}
{7 19 2a 34 4c 92 c1 121 242 304 450 580 601 860 908 a80 c02 1088 1140 1220 1404 1810 20a0 2102 2210 2408 2804 3001}
{7 19 2a 34 4c 92 c1 121 242 304 450 580 601 860 908 a80 c04 1084 1102 1220 1408 1810 2088 2140 2210 2420 2802 3001}
{7 19 2a 34 4c 92 c1 121 242 304 450 580 601 860 908 a80 c04 1084 1102 1220 1408 1810 20a0 2110 2208 2402 2801 3040}
{7 19 2a 34 4c 92 c1 121 242 304 450 580 601 860 908 a80 c04 1084 1110 1208 1420 1802 20a0 2102 2210 2408 2801 3040}
{7 19 2a 34 4c 92 c1 121 242 304 450 580 601 860 908 a80 c04 1084 1110 1220 1408 1802 2088 2102 2210 2420 2801 3040}
{7 19 2a 34 4c 92 c1 121 242 304 450 580 601 860 908 a80 c04 1084 1110 1220 1408 1802 20a0 2140 2208 2402 2810 3001}
{7 19 2a 34 4c 92 c1 121 242 304 450 580 601 860 908 a80 c04 1088 1102 1210 1420 1801 20a0 2140 2208 2402 2810 3004}
{7 19 2a 34 4c 92 c1 121 242 304 450 580 601 860 910 a80 c08 1084 1102 1208 1420 1801 2088 2140 2220 2402 2804 3010}
{7 19 2a 34 4c 92 c1 121 242 304 450 580 601 860 910 a80 c08 1084 1102 1208 1420 1801 2088 2140 2220 2404 2802 3010}
{7 19 2a 34 4c 92 c1 121 242 304 450 580 601 860 910 a80 c08 1084 1102 1208 1420 1801 20a0 2108 2210 2402 2804 3040}
{7 19 2a 34 4c 92 c1 121 242 304 450 580 601 860 910 a80 c08 1084 1102 1208 1420 1801 20a0 2108 2210 2404 2802 3040}
{7 19 2a 34 4c 92 c1 121 242 304 450 580 601 860 910 a80 c08 1084 1108 1210 1420 1802 2088 2102 2220 2404 2801 3040}
{7 19 2a 34 4c 92 c1 121 242 304 450 580 601 860 910 a80 c08 1084 1108 1210 1420 1802 2088 2140 2220 2402 2804 3001}
{7 19 2a 34 4c 92 c1 121 242 304 450 580 601 860 910 a80 c08 1084 1108 1210 1420 1802 20a0 2102 2208 2404 2801 3040}
{7 19 2a 34 4c 92 c1 121 242 304 450 580 601 860 910 a80 c08 1084 1108 1210 1420 1802 20a0 2140 2208 2402 2804 3001}
{7 19 2a 34 4c 92 c1 121 242 304 450 580 601 860 910 a80 c08 1084 1108 1220 1402 1801 20a0 2140 2208 2404 2802 3010}
{7 19 2a 34 4c 92 c1 121 242 304 450 580 601 860 910 a80 c08 1084 1140 1208 1420 1802 2088 2102 2220 2404 2801 3010}
{7 19 2a 34 4c 92 c1 121 242 304 450 580 601 860 910 a80 c08 1084 1140 1208 1420 1802 20a0 2108 2210 2402 2804 3001}
{7 19 2a 34 4c 92 c1 121 242 304 450 580 601 860 910 a80 c08 1088 1102 1210 1420 1804 20a0 2140 2208 2404 2802 3001}
{7 19 2a 34 4c 92 c1 121 242 304 450 580 601 884 902 a08 c20 1088 1140 1220 1402 1810 20a0 2108 2210 2404 2840 3001}
{7 19 2a 34 4c 92 c1 121 242 304 450 580 601 884 902 a08 c20 1088 1140 1220 1404 1810 20a0 2108 2210 2402 2840 3001}
{7 19 2a 34 4c 92 c1 121 242 304 450 580 601 884 908 a10 c20 1088 1102 1220 1404 1840 20a0 2140 2208 2402 2801 3010}
{7 19 2a 34 4c 92 c1 121 242 304 450 580 601 884 908 a10 c20 1088 1140 1220 1402 1801 20a0 2102 2208 2404 2840 3010}
{7 19 2a 34 4c 92 c1 121 242 304 450 580 601 884 908 a10 c20 1088 1140 1220 1404 1802 20a0 2110 2208 2402 2840 3001}
{7 19 2a 34 4c 92 c1 121 242 304 450 580 601 884 908 a20 c02 1088 1102 1210 1420 1840 20a0 2140 2208 2404 2810 3001}
{7 19 2a 34 4c 92 c1 121 242 304 450 580 601 884 908 a20 c02 1088 1140 1210 1420 1801 20a0 2110 2208 2404 2840 3002}
{7 19 2a 34 4c 92 c1 121 242 304 450 580 601 884 910 a08 c20 1088 1102 1220 1404 1840 20a0 2140 2210 2408 2802 3001}
{7 19 2a 34 4c 92 c1 121 242 304 450 580 601 884 910 a08 c20 1088 1140 1220 1402 1801 20a0 2102 2210 2408 2840 3004}
{7 19 2a 34 4c 92 c1 121 242 304 450 580 601 884 910 a08 c20 1088 1140 1220 1404 1802 20a0 2102 2210 2408 2840 3001}
{7 19 2a 34 4c 92 c1 121 242 304 450 580 601 884 910 a08 c20 1088 1140 1220 1404 1802 20a0 2108 2210 2402 2840 3001}
{7 19 2a 34 4c 92 c1 121 242 304 450 580 601 884 910 a20 c08 1088 1102 1210 1420 1840 20a0 2140 2208 2402 2801 3004}
{7 19 2a 34 4c 92 c1 121 242 304 450 580 601 884 910 a20 c08 1088 1140 1210 1420 1802 20a0 2102 2208 2404 2840 3001}
{7 19 2a 34 4c 92 c1 121 242 304 450 580 601 884 940 a08 c20 1088 1102 1220 1404 1810 20a0 2108 2210 2402 2801 3040}
{7 19 2a 34 4c 92 c1 121 242 304 450 580 601 884 940 a08 c20 1088 1110 1220 1404 1802 20a0 2108 2210 2402 2801 3040}
{7 19 2a 34 4c 92 c1 121 242 304 450 580 601 884 940 a20 c08 1088 1102 1210 1420 1801 20a0 2110 2208 2404 2802 3040}
{7 19 2a 34 4c 92 c1 121 242 304 450 580 608 860 902 a80 c01 1084 1108 1201 1420 1810 20a0 2140 2210 2404 2808 3002}
{7 19 2a 34 4c 92 c1 121 242 304 450 580 608 860 902 a80 c01 1084 1108 1220 1402 1810 2088 2140 2210 2420 2804 3001}
{7 19 2a 34 4c 92 c1 121 242 304 450 580 608 860 902 a80 c01 1084 1108 1220 1402 1810 20a0 2110 2201 2404 2808 3040}
{7 19 2a 34 4c 92 c1 121 242 304 450 580 608 860 902 a80 c01 1084 1108 1220 1402 1810 20a0 2140 2210 2404 2808 3001}
{7 19 2a 34 4c 92 c1 121 242 304 450 580 608 860 902 a80 c01 1084 1110 1201 1420 1808 2088 2140 2220 2404 2810 3002}
{7 19 2a 34 4c 92 c1 121 242 304 450 580 608 860 902 a80 c01 1084 1110 1201 1420 1808 20a0 2108 2210 2402 2804 3040}
{7 19 2a 34 4c 92 c1 121 242 304 450 580 608 860 902 a80 c01 1084 1110 1220 1402 1808 20a0 2108 2201 2404 2810 3040}
{7 19 2a 34 4c 92 c1 121 242 304 450 580 608 860 902 a80 c01 1088 1110 1201 1420 1804 20a0 2140 2210 2404 2808 3002}
{7 19 2a 34 4c 92 c1 121 242 304 450 580 608 860 902 a80 c01 1088 1110 1220 1402 1804 20a0 2108 2201 2404 2810 3040}
{7 19 2a 34 4c 92 c1 121 242 304 450 580 608 860 902 a80 c01 1088 1140 1210 1420 1804 20a0 2110 2201 2404 2808 3002}
{7 19 2a 34 4c 92 c1 121 242 304 450 580 608 860 902 a80 c04 1084 1108 1210 1420 1801 20a0 2110 2201 2402 2808 3040}
{7 19 2a 34 4c 92 c1 121 242 304 450 580 608 860 902 a80 c04 1084 1108 1220 1401 1810 20a0 2110 2201 2402 2808 3040}
{7 19 2a 34 4c 92 c1 121 242 304 450 580 608 860 902 a80 c04 1084 1110 1201 1420 1808 2088 2140 2220 2401 2810 3002}
{7 19 2a 34 4c 92 c1 121 242 304 450 580 608 860 902 a80 c04 1084 1110 1201 1420 1808 20a0 2108 2210 2402 2801 3040}
{7 19 2a 34 4c 92 c1 121 242 304 450 580 608 860 902 a80 c04 1084 1110 1220 1401 1808 2088 2140 2210 2420 2801 3002}
{7 19 2a 34 4c 92 c1 121 242 304 450 580 608 860 902 a80 c04 1084 1110 1220 1401 1808 20a0 2108 2201 2402 2810 3040}
{7 19 2a 34 4c 92 c1 121 242 304 450 580 608 860 902 a80 c04 1084 1110 1220 1401 1808 20a0 2108 2210 2402 2801 3040}
{7 19 2a 34 4c 92 c1 121 242 304 450 580 608 860 902 a80 c04 1088 1140 1210 1420 1801 20a0 2108 2201 2402 2810 3004}
{7 19 2a 34 4c 92 c1 121 242 304 450 580 608 860 902 a80 c04 1088 1140 1220 1401 1810 20a0 2110 2201 2402 2808 3004}
{7 19 2a 34 4c 92 c1 121 242 304 450 580 608 860 908 a80 c01 1084 1110 1201 1420 1802 2088 2102 2220 2404 2810 3040}
{7 19 2a 34 4c 92 c1 121 242 304 450 580 608 860 908 a80 c01 1084 1140 1210 1420 1802 2088 2102 2220 2404 2810 3001}
{7 19 2a 34 4c 92 c1 121 242 304 450 580 608 860 908 a80 c01 1084 1140 1210 1420 1802 20a0 2110 2201 2402 2804 3008}
{7 19 2a 34 4c 92 c1 121 242 304 450 580 608 860 908 a80 c01 1084 1140 1220 1402 1810 2088 2102 2210 2420 2804 3001}
{7 19 2a 34 4c 92 c1 121 242 304 450 580 608 860 908 a80 c01 1084 1140 1220 1402 1810 20a0 2110 2201 2404 2802 3008}
{7 19 2a 34 4c 92 c1 121 242 304 450 580 608 860 908 a80 c01 1088 1102 1210 1420 1804 20a0 2110 2201 2404 2802 3040}
{7 19 2a 34 4c 92 c1 121 242 304 450 580 608 860 908 a80 c01 1088 1102 1220 1404 1810 20a0 2110 2201 2402 2804 3040}
{7 19 2a 34 4c 92 c1 121 242 304 450 580 608 860 908 a80 c02 1084 1140 1201 1420 1810 2088 2110 2220 2401 2804 3002}
{7 19 2a 34 4c 92 c1 121 242 304 450 580 608 860 908 a80 c02 1084 1140 1220 1401 1810 20a0 2102 2210 2404 2801 3008}
{7 19 2a 34 4c 92 c1 121 242 304 450 580 608 860 908 a80 c02 1088 1110 1201 1420 1804 20a0 2102 2210 2404 2801 3040}
{7 19 2a 34 4c 92 c1 121 242 304 450 580 608 860 908 a80 c02 1088 1110 1220 1401 1804 20a0 2102 2201 2404 2810 3040}
{7 19 2a 34 4c 92 c1 121 242 304 450 580 608 860 910 a80 c01 1084 1102 1201 1420 1808 2088 2140 2220 2402 2804 3010}
{7 19 2a 34 4c 92 c1 121 242 304 450 580 608 860 910 a80 c01 1084 1102 1201 1420 1808 2088 2140 2220 2404 2802 3010}
{7 19 2a 34 4c 92 c1 121 242 304 450 580 608 860 910 a80 c01 1084 1102 1201 1420 1808 20a0 2108 2210 2404 2802 3040}
{7 19 2a 34 4c 92 c1 121 242 304 450 580 608 860 910 a80 c01 1084 1102 1210 1420 1808 20a0 2108 2201 2404 2802 3040}
{7 19 2a 34 4c 92 c1 121 242 304 450 580 608 860 910 a80 c01 1084 1108 1201 1420 1802 2088 2140 2220 2402 2804 3010}
{7 19 2a 34 4c 92 c1 121 242 304 450 580 608 860 910 a80 c01 1084 1108 1201 1420 1802 20a0 2102 2210 2404 2808 3040}
{7 19 2a 34 4c 92 c1 121 242 304 450 580 608 860 910 a80 c01 1084 1108 1210 1420 1802 20a0 2102 2201 2404 2808 3040}
{7 19 2a 34 4c 92 c1 121 242 304 450 580 608 860 910 a80 c01 1084 1140 1220 1402 1808 2088 2102 2201 2420 2804 3010}
{7 19 2a 34 4c 92 c1 121 242 304 450 580 608 860 910 a80 c01 1088 1102 1210 1420 1804 20a0 2108 2201 2404 2802 3040}
{7 19 2a 34 4c 92 c1 121 242 304 450 580 608 860 910 a80 c01 1088 1140 1220 1402 1804 20a0 2102 2201 2404 2808 3010}
{7 19 2a 34 4c 92 c1 121 242 304 450 580 608 860 910 a80 c02 1084 1102 1201 1420 1808 2088 2140 2220 2401 2804 3010}
{7 19 2a 34 4c 92 c1 121 242 304 450 580 608 860 910 a80 c02 1084 1102 1201 1420 1808 2088 2140 2220 2404 2801 3010}
{7 19 2a 34 4c 92 c1 121 242 304 450 580 608 860 910 a80 c02 1084 1102 1201 1420 1808 20a0 2108 2210 2401 2804 3040}
{7 19 2a 34 4c 92 c1 121 242 304 450 580 608 860 910 a80 c02 1084 1102 1220 1401 1808 2088 2140 2201 2420 2804 3010}
{7 19 2a 34 4c 92 c1 121 242 304 450 580 608 860 910 a80 c02 1084 1102 1220 1401 1808 20a0 2108 2210 2404 2801 3040}
{7 19 2a 34 4c 92 c1 121 242 304 450 580 608 860 910 a80 c02 1084 1108 1210 1420 1801 2088 2102 2220 2401 2804 3040}
{7 19 2a 34 4c 92 c1 121 242 304 450 580 608 860 910 a80 c02 1084 1108 1210 1420 1801 20a0 2102 2201 2404 2808 3040}
{7 19 2a 34 4c 92 c1 121 242 304 450 580 608 860 910 a80 c02 1084 1108 1210 1420 1801 20a0 2140 2201 2404 2808 3002}
{7 19 2a 34 4c 92 c1 121 242 304 450 580 608 860 910 a80 c02 1084 1140 1201 1420 1808 2088 2102 2220 2404 2801 3010}
{7 19 2a 34 4c 92 c1 121 242 304 450 580 608 860 910 a80 c02 1084 1140 1220 1401 1808 2088 2102 2201 2420 2804 3010}
{7 19 2a 34 4c 92 c1 121 242 304 450 580 608 860 910 a80 c02 1088 1102 1201 1420 1804 20a0 2108 2210 2404 2801 3040}
{7 19 2a 34 4c 92 c1 121 242 304 450 580 608 860 910 a80 c02 1088 1102 1220 1401 1804 20a0 2140 2201 2404 2808 3010}
{7 19 2a 34 4c 92 c1 121 242 304 450 580 608 860 910 a80 c02 1088 1140 1220 1401 1804 20a0 2102 2201 2404 2808 3010}
{7 19 2a 34 4c 92 c1 121 242 304 450 580 608 860 910 a80 c04 1084 1102 1220 1401 1808 20a0 2108 2210 2402 2801 3040}
{7 19 2a 34 4c 92 c1 121 242 304 450 580 608 860 910 a80 c04 1084 1108 1201 1420 1802 20a0 2102 2210 2401 2808 3040}
{7 19 2a 34 4c 92 c1 121 242 304 450 580 608 860 910 a80 c04 1088 1102 1210 1420 1801 20a0 2140 2201 2402 2808 3004}
{7 19 2a 34 4c 92 c1 121 242 304 450 580 608 884 908 a10 c20 1088 1140 1220 1401 1802 20a0 2102 2201 2404 2840 3010}
{7 19 2a 34 4c 92 c1 121 242 304 450 580 608 884 908 a10 c20 1088 1140 1220 1401 1802 20a0 2110 2201 2402 2840 3004}
{7 19 2a 34 4c 92 c1 121 242 304 450 580 608 884 908 a10 c20 1088 1140 1220 1402 1801 20a0 2102 2201 2404 2840 3010}
{7 19 2a 34 4c 92 c1 121 242 304 450 580 608 884 908 a20 c01 1088 1102 1210 1420 1840 20a0 2140 2201 2402 2810 3004}
{7 19 2a 34 4c 92 c1 121 242 304 450 580 608 884 908 a20 c02 1088 1140 1201 1420 1810 20a0 2102 2210 2401 2840 3004}
{7 19 2a 34 4c 92 c1 121 242 304 450 580 608 884 908 a20 c02 1088 1140 1210 1420 1801 20a0 2110 2201 2404 2840 3002}
{7 19 2a 34 4c 92 c1 121 242 304 450 580 608 884 910 a01 c20 1088 1140 1220 1404 1802 20a0 2108 2210 2402 2840 3001}
{7 19 2a 34 4c 92 c1 121 242 304 450 580 608 884 910 a20 c01 1088 1140 1201 1420 1802 20a0 2108 2210 2402 2840 3004}
{7 19 2a 34 4c 92 c1 121 242 304 450 580 608 884 910 a20 c01 1088 1140 1210 1420 1802 20a0 2108 2201 2402 2840 3004}
{7 19 2a 34 4c 92 c1 121 242 304 450 580 608 884 940 a01 c20 1088 1102 1220 1404 1810 20a0 2108 2210 2401 2802 3040}
{7 19 2a 34 4c 92 c1 121 242 304 450 580 608 884 940 a10 c20 1088 1102 1220 1404 1801 20a0 2110 2201 2402 2808 3040}
{7 19 2a 34 4c 92 c1 121 242 304 450 580 608 884 940 a20 c02 1088 1102 1201 1420 1810 20a0 2108 2210 2404 2801 3040}
{7 19 2a 34 4c 92 c1 121 242 304 450 580 608 884 940 a20 c02 1088 1102 1210 1420 1801 20a0 2110 2201 2404 2808 3040}
{7 19 2a 34 4c 92 c1 121 242 304 450 580 620 860 902 a80 c08 1084 1108 1201 1402 1810 20a0 2110 2208 2401 2804 3040}
{7 19 2a 34 4c 92 c1 121 242 304 450 580 620 860 902 a80 c08 1084 1108 1201 1402 1810 20a0 2110 2208 2404 2801 3040}
{7 19 2a 34 4c 92 c1 121 242 304 450 580 620 860 902 a80 c08 1084 1108 1210 1402 1801 20a0 2110 2208 2401 2804 3040}
{7 19 2a 34 4c 92 c1 121 242 304 450 580 620 860 902 a80 c08 1084 1110 1208 1402 1801 2088 2140 2201 2404 2810 3020}
{7 19 2a 34 4c 92 c1 121 242 304 450 580 620 860 902 a80 c08 1084 1110 1208 1402 1801 20a0 2108 2201 2404 2810 3040}
{7 19 2a 34 4c 92 c1 121 242 304 450 580 620 860 902 a80 c08 1084 1110 1208 1402 1801 20a0 2108 2210 2401 2804 3040}
{7 19 2a 34 4c 92 c1 121 242 304 450 580 620 860 902 a80 c08 1084 1140 1208 1401 1810 2088 2110 2201 2402 2804 3020}
{7 19 2a 34 4c 92 c1 121 242 304 450 580 620 860 902 a80 c08 1088 1110 1201 1402 1804 20a0 2108 2210 2404 2801 3040}
{7 19 2a 34 4c 92 c1 121 242 304 450 580 620 860 902 a80 c08 1088 1140 1201 1404 1810 20a0 2108 2210 2401 2804 3002}
{7 19 2a 34 4c 92 c1 121 242 304 450 580 620 860 902 a80 c08 1088 1140 1201 1404 1810 20a0 2110 2208 2401 2804 3002}
{7 19 2a 34 4c 92 c1 121 242 304 450 580 620 860 908 a80 c01 1084 1110 1201 1408 1802 20a0 2102 2208 2404 2810 3040}
{7 19 2a 34 4c 92 c1 121 242 304 450 580 620 860 908 a80 c01 1084 1140 1208 1402 1810 2088 2110 2201 2404 2802 3020}
{7 19 2a 34 4c 92 c1 121 242 304 450 580 620 860 908 a80 c01 1084 1140 1210 1408 1802 2088 2102 2201 2404 2810 3020}
{7 19 2a 34 4c 92 c1 121 242 304 450 580 620 860 908 a80 c01 1084 1140 1210 1408 1802 2088 2110 2201 2402 2804 3020}
{7 19 2a 34 4c 92 c1 121 242 304 450 580 620 860 908 a80 c01 1084 1140 1210 1408 1802 20a0 2102 2208 2404 2810 3001}
{7 19 2a 34 4c 92 c1 121 242 304 450 580 620 860 908 a80 c01 1088 1102 1201 1404 1810 20a0 2110 2208 2402 2804 3040}
{7 19 2a 34 4c 92 c1 121 242 304 450 580 620 860 908 a80 c01 1088 1110 1201 1404 1802 20a0 2102 2210 2408 2804 3040}
{7 19 2a 34 4c 92 c1 121 242 304 450 580 620 860 908 a80 c02 1084 1102 1208 1401 1810 2088 2140 2210 2404 2801 3020}
{7 19 2a 34 4c 92 c1 121 242 304 450 580 620 860 908 a80 c02 1084 1140 1201 1408 1810 20a0 2110 2208 2404 2801 3002}
{7 19 2a 34 4c 92 c1 121 242 304 450 580 620 860 908 a80 c02 1084 1140 1208 1401 1810 2088 2102 2210 2404 2801 3020}
{7 19 2a 34 4c 92 c1 121 242 304 450 580 620 860 908 a80 c02 1084 1140 1210 1408 1801 2088 2102 2201 2404 2810 3020}
{7 19 2a 34 4c 92 c1 121 242 304 450 580 620 860 908 a80 c04 1084 1102 1208 1401 1810 20a0 2110 2201 2408 2802 3040}
{7 19 2a 34 4c 92 c1 121 242 304 450 580 620 860 908 a80 c04 1088 1140 1201 1402 1810 20a0 2102 2210 2408 2801 3004}
{7 19 2a 34 4c 92 c1 121 242 304 450 580 620 860 910 a80 c08 1084 1108 1210 1401 1802 2088 2140 2201 2402 2804 3020}
{7 19 2a 34 4c 92 c1 121 242 304 450 580 620 860 910 a80 c08 1084 1108 1210 1401 1802 20a0 2102 2208 2404 2801 3040}
{7 19 2a 34 4c 92 c1 121 242 304 450 580 620 860 910 a80 c08 1084 1108 1210 1402 1801 2088 2140 2201 2404 2802 3020}
{7 19 2a 34 4c 92 c1 121 242 304 450 580 620 860 910 a80 c08 1084 1108 1210 1402 1801 20a0 2102 2208 2401 2804 3040}
{7 19 2a 34 4c 92 c1 121 242 304 450 580 620 860 910 a80 c08 1084 1140 1208 1401 1802 2088 2102 2210 2404 2801 3020}
{7 19 2a 34 4c 92 c1 121 242 304 450 580 620 860 910 a80 c08 1084 1140 1208 1401 1802 20a0 2108 2201 2402 2804 3010}
{7 19 2a 34 4c 92 c1 121 242 304 450 580 620 860 910 a80 c08 1084 1140 1208 1402 1801 20a0 2108 2201 2404 2802 3010}
{7 19 2a 34 4c 92 c1 121 242 304 450 580 620 860 910 a80 c08 1088 1102 1210 1401 1804 20a0 2108 2201 2404 2802 3040}
{7 19 2a 34 4c 92 c1 121 242 304 450 580 620 860 910 a80 c08 1088 1102 1210 1404 1801 20a0 2108 2201 2402 2804 3040}
{7 19 2a 34 4c 92 c1 121 242 304 450 580 620 860 910 a80 c08 1088 1140 1201 1402 1804 20a0 2102 2208 2404 2801 3010}
{7 19 2a 34 4c 92 c1 121 242 304 450 580 620 860 910 a80 c08 1088 1140 1201 1404 1802 20a0 2102 2208 2401 2804 3010}
{7 19 2a 34 4c 92 c1 121 242 304 450 580 620 884 908 a10 c01 1088 1140 1201 1402 1820 20a0 2102 2208 2404 2840 3010}
{7 19 2a 34 4c 92 c1 121 242 304 450 580 620 884 908 a10 c02 1088 1140 1201 1404 1820 20a0 2102 2208 2401 2840 3010}
{7 19 2a 34 4c 92 c1 121 242 304 450 580 620 884 910 a08 c01 1088 1140 1201 1402 1820 20a0 2102 2210 2408 2840 3004}
{7 19 2a 34 4c 92 c1 121 242 304 450 580 620 884 910 a08 c02 1088 1140 1201 1404 1820 20a0 2108 2210 2401 2840 3002}
{7 19 2a 34 4c 92 c1 121 242 304 450 580 620 884 940 a08 c01 1088 1102 1210 1404 1820 20a0 2108 2201 2402 2810 3040}
{7 19 2a 34 4c 92 c1 121 242 304 460 502 680 884 908 a10 c01 1088 1140 1201 1410 1820 20a0 2110 2208 2404 2840 3002}
{7 19 2a 34 4c 92 c1 121 242 304 460 502 680 884 908 a10 c01 1088 1140 1220 1410 1802 20a0 2110 2201 2408 2840 3004}
{7 19 2a 34 4c 92 c1 121 242 304 460 502 680 884 908 a10 c01 1088 1140 1220 1410 1802 20a0 2110 2208 2404 2840 3001}
{7 19 2a 34 4c 92 c1 121 242 304 460 502 680 884 908 a20 c10 1088 1140 1210 1404 1801 20a0 2110 2201 2408 2840 3002}
{7 19 2a 34 4c 92 c1 121 242 304 460 502 680 884 910 a08 c01 1088 1140 1201 1410 1820 20a0 2108 2210 2404 2840 3002}
{7 19 2a 34 4c 92 c1 121 242 304 460 502 680 884 910 a08 c01 1088 1140 1210 1404 1820 20a0 2108 2201 2410 2840 3002}
{7 19 2a 34 4c 92 c1 121 242 304 460 502 680 884 910 a20 c08 1088 1140 1210 1401 1802 20a0 2108 2201 2410 2840 3004}
{7 19 2a 34 4c 92 c1 121 242 304 460 508 680 884 910 a01 c02 1088 1102 1220 1410 1840 20a0 2140 2210 2404 2808 3001}
{7 19 2a 34 4c 92 c1 121 242 304 460 508 680 884 910 a01 c02 1088 1140 1210 1401 1820 20a0 2102 2208 2410 2840 3004}
{7 19 2a 34 4c 92 c1 121 242 304 460 508 680 884 910 a08 c01 1088 1102 1220 1410 1840 20a0 2140 2210 2404 2802 3001}
{7 19 2a 34 4c 92 c1 121 242 304 460 508 680 884 910 a08 c02 1088 1140 1201 1410 1820 20a0 2102 2210 2401 2840 3004}
{7 19 2a 34 4c 92 c1 121 242 304 460 508 680 884 910 a08 c02 1088 1140 1210 1401 1820 20a0 2102 2201 2410 2840 3004}
{7 19 2a 34 4c 92 c1 121 242 304 460 508 680 884 910 a20 c02 1088 1102 1210 1401 1840 20a0 2140 2208 2410 2801 3004}
{7 19 2a 34 4c 92 c1 121 242 304 460 508 680 884 940 a08 c10 1088 1102 1210 1401 1820 20a0 2110 2201 2404 2802 3040}
{7 19 2a 34 4c 92 c1 121 242 304 460 508 680 884 940 a10 c02 1088 1102 1201 1410 1820 20a0 2110 2208 2404 2801 3040}
{7 19 2a 34 4c 92 c1 121 242 304 460 508 680 884 940 a10 c02 1088 1102 1220 1410 1801 20a0 2110 2201 2404 2808 3040}
{7 19 2a 34 4c 92 c1 121 242 304 460 508 680 884 940 a20 c10 1088 1102 1210 1404 1801 20a0 2110 2201 2402 2808 3040}
{7 19 2a 34 4c 92 c1 121 242 304 460 510 680 884 908 a01 c02 1088 1140 1220 1404 1810 20a0 2102 2210 2408 2840 3001}
{7 19 2a 34 4c 92 c1 121 242 304 460 510 680 884 908 a10 c01 1088 1140 1201 1402 1820 20a0 2102 2208 2404 2840 3010}
{7 19 2a 34 4c 92 c1 121 242 304 460 510 680 884 908 a10 c02 1088 1140 1201 1404 1820 20a0 2102 2208 2401 2840 3010}
{7 19 2a 34 4c 92 c1 121 242 304 460 510 680 884 908 a10 c02 1088 1140 1220 1404 1801 20a0 2102 2208 2401 2840 3010}
{7 19 2a 34 4c 92 c1 121 242 304 460 510 680 884 908 a20 c01 1088 1140 1201 1402 1810 20a0 2102 2210 2408 2840 3004}
{7 19 2a 34 4c 92 c1 121 242 304 460 510 680 884 908 a20 c02 1088 1102 1210 1401 1840 20a0 2140 2201 2408 2810 3004}
{7 19 2a 34 4c 92 c1 121 242 304 460 510 680 884 940 a08 c02 1088 1102 1210 1401 1820 20a0 2108 2201 2404 2810 3040}
{7 19 2a 34 4c 92 c1 121 242 304 460 580 601 884 908 a20 c10 1088 1140 1210 1404 1802 20a0 2110 2208 2402 2840 3001}
{7 19 2a 34 4c 92 c1 121 242 304 460 580 601 884 910 a08 c02 1088 1140 1220 1410 1801 20a0 2102 2210 2408 2840 3004}
{7 19 2a 34 4c 92 c1 121 242 304 460 580 601 884 910 a08 c02 1088 1140 1220 1410 1801 20a0 2108 2210 2404 2840 3002}
{7 19 2a 34 4c 92 c1 121 242 304 460 580 601 884 910 a20 c08 1088 1140 1210 1402 1801 20a0 2102 2208 2410 2840 3004}
{7 19 2a 34 4c 92 c1 121 242 304 460 580 608 884 908 a10 c01 1088 1140 1220 1410 1802 20a0 2110 2201 2402 2840 3004}
{7 19 2a 34 4c 92 c1 121 242 304 460 580 608 884 908 a10 c02 1088 1140 1220 1410 1801 20a0 2110 2201 2404 2840 3002}
{7 19 2a 34 4c 92 c1 121 242 304 460 580 608 884 940 a10 c02 1088 1102 1220 1410 1801 20a0 2110 2201 2404 2808 3040}
{7 19 2a 34 4c 92 c1 121 242 304 460 580 608 884 940 a20 c10 1088 1102 1210 1404 1801 20a0 2110 2201 2402 2808 3040}
{7 19 2a 34 4c 92 c1 121 242 304 460 580 610 884 940 a20 c08 1088 1102 1201 1404 1810 20a0 2110 2208 2402 2801 3040}
{7 19 2a 34 4c 92 c1 121 242 308 450 502 680 860 980 a01 c04 1084 1110 1220 1401 1808 20a0 2104 2210 2408 2802 3040}
{7 19 2a 34 4c 92 c1 121 242 308 450 502 680 860 980 a01 c04 1084 1140 1210 1420 1808 20a0 2110 2204 2408 2802 3001}
{7 19 2a 34 4c 92 c1 121 242 308 450 502 680 860 980 a01 c04 1088 1104 1210 1420 1802 20a0 2110 2204 2401 2808 3040}
{7 19 2a 34 4c 92 c1 121 242 308 450 502 680 860 980 a01 c04 1088 1104 1220 1401 1810 20a0 2110 2204 2408 2802 3040}
{7 19 2a 34 4c 92 c1 121 242 308 450 502 680 860 980 a04 c01 1084 1110 1201 1420 1808 2088 2140 2220 2404 2810 3002}
{7 19 2a 34 4c 92 c1 121 242 308 450 502 680 860 980 a04 c01 1084 1110 1201 1420 1808 20a0 2104 2210 2408 2802 3040}
{7 19 2a 34 4c 92 c1 121 242 308 450 502 680 860 980 a04 c01 1084 1140 1220 1408 1810 2088 2104 2210 2420 2802 3001}
{7 19 2a 34 4c 92 c1 121 242 308 450 502 680 860 980 a04 c01 1084 1140 1220 1408 1810 20a0 2110 2201 2404 2808 3002}
{7 19 2a 34 4c 92 c1 121 242 308 450 502 680 860 980 a04 c01 1088 1104 1210 1420 1802 20a0 2110 2201 2404 2808 3040}
{7 19 2a 34 4c 92 c1 121 242 308 450 502 680 860 980 a04 c08 1084 1140 1201 1420 1810 20a0 2104 2210 2401 2802 3008}
{7 19 2a 34 4c 92 c1 121 242 308 450 502 680 860 980 a04 c08 1084 1140 1220 1401 1810 20a0 2110 2201 2404 2802 3008}
{7 19 2a 34 4c 92 c1 121 242 308 450 502 680 860 980 a10 c04 1084 1110 1220 1408 1801 2088 2104 2201 2420 2802 3040}
{7 19 2a 34 4c 92 c1 121 242 308 450 502 680 884 910 a01 c20 1088 1140 1220 1404 1802 20a0 2104 2210 2408 2840 3001}
{7 19 2a 34 4c 92 c1 121 242 308 450 502 680 884 910 a20 c01 1088 1140 1204 1420 1802 20a0 2104 2210 2408 2840 3001}
{7 19 2a 34 4c 92 c1 121 242 308 450 502 680 884 940 a01 c20 1088 1104 1220 1401 1810 20a0 2110 2204 2408 2802 3040}
{7 19 2a 34 4c 92 c1 121 242 308 450 502 680 884 940 a10 c20 1088 1104 1220 1401 1802 20a0 2110 2204 2408 2801 3040}
{7 19 2a 34 4c 92 c1 121 242 308 450 502 680 884 940 a20 c01 1088 1104 1210 1420 1802 20a0 2110 2201 2404 2808 3040}
{7 19 2a 34 4c 92 c1 121 242 308 450 502 680 884 940 a20 c08 1088 1104 1210 1420 1801 20a0 2110 2201 2404 2802 3040}
{7 19 2a 34 4c 92 c1 121 242 308 450 502 680 884 940 a20 c08 1088 1104 1210 1420 1801 20a0 2110 2204 2401 2802 3040}
{7 19 2a 34 4c 92 c1 121 242 308 450 504 680 860 980 a01 c08 1084 1140 1210 1420 1802 20a0 2102 2204 2401 2810 3008}
{7 19 2a 34 4c 92 c1 121 242 308 450 504 680 860 980 a01 c08 1084 1140 1220 1402 1810 2088 2102 2210 2420 2804 3001}
{7 19 2a 34 4c 92 c1 121 242 308 450 504 680 860 980 a01 c08 1088 1102 1210 1420 1804 20a0 2110 2204 2401 2802 3040}
{7 19 2a 34 4c 92 c1 121 242 308 450 504 680 860 980 a04 c02 1084 1110 1220 1408 1801 2088 2102 2201 2420 2810 3040}
{7 19 2a 34 4c 92 c1 121 242 308 450 504 680 860 980 a04 c02 1084 1110 1220 1408 1801 2088 2140 2201 2420 2810 3002}
{7 19 2a 34 4c 92 c1 121 242 308 450 504 680 860 980 a04 c02 1084 1110 1220 1408 1801 20a0 2102 2210 2401 2808 3040}
{7 19 2a 34 4c 92 c1 121 242 308 450 504 680 860 980 a04 c02 1088 1140 1201 1420 1810 20a0 2102 2210 2401 2808 3004}
{7 19 2a 34 4c 92 c1 121 242 308 450 504 680 884 910 a20 c01 1088 1140 1201 1420 1802 20a0 2102 2210 2408 2840 3004}
{7 19 2a 34 4c 92 c1 121 242 308 450 504 680 884 910 a20 c02 1088 1140 1210 1420 1801 20a0 2102 2201 2408 2840 3004}
{7 19 2a 34 4c 92 c1 121 242 308 450 504 680 884 910 a20 c08 1088 1140 1201 1420 1802 20a0 2102 2210 2401 2840 3004}
{7 19 2a 34 4c 92 c1 121 242 308 450 580 601 860 902 a80 c04 1084 1140 1210 1420 1808 2088 2104 2220 2402 2810 3001}
{7 19 2a 34 4c 92 c1 121 242 308 450 580 601 860 902 a80 c04 1084 1140 1210 1420 1808 20a0 2110 2204 2408 2801 3002}
{7 19 2a 34 4c 92 c1 121 242 308 450 580 601 860 902 a80 c04 1084 1140 1220 1408 1810 20a0 2104 2210 2402 2808 3001}
{7 19 2a 34 4c 92 c1 121 242 308 450 580 601 860 902 a80 c04 1088 1104 1210 1420 1801 20a0 2110 2204 2402 2808 3040}
{7 19 2a 34 4c 92 c1 121 242 308 450 580 601 860 904 a80 c02 1084 1110 1220 1408 1801 20a0 2102 2210 2404 2808 3040}
{7 19 2a 34 4c 92 c1 121 242 308 450 580 601 860 904 a80 c02 1084 1140 1210 1420 1808 20a0 2102 2204 2408 2810 3001}
{7 19 2a 34 4c 92 c1 121 242 308 450 580 601 860 904 a80 c02 1084 1140 1220 1408 1810 20a0 2102 2210 2404 2808 3001}
{7 19 2a 34 4c 92 c1 121 242 308 450 580 601 860 904 a80 c02 1088 1140 1220 1404 1810 20a0 2110 2204 2408 2801 3002}
{7 19 2a 34 4c 92 c1 121 242 308 450 580 601 860 904 a80 c08 1084 1140 1220 1402 1810 20a0 2102 2210 2404 2801 3008}
{7 19 2a 34 4c 92 c1 121 242 308 450 580 601 860 910 a80 c04 1084 1140 1220 1402 1808 2088 2102 2204 2420 2801 3010}
{7 19 2a 34 4c 92 c1 121 242 308 450 580 601 860 910 a80 c04 1084 1140 1220 1408 1802 2088 2102 2204 2420 2801 3010}
{7 19 2a 34 4c 92 c1 121 242 308 450 580 601 860 910 a80 c04 1084 1140 1220 1408 1802 20a0 2104 2210 2402 2808 3001}
{7 19 2a 34 4c 92 c1 121 242 308 450 580 601 884 940 a10 c20 1088 1104 1220 1402 1801 20a0 2110 2204 2408 2802 3040}
{7 19 2a 34 4c 92 c1 121 242 308 450 580 604 860 902 a80 c01 1084 1110 1201 1420 1808 20a0 2140 2210 2408 2804 3002}
{7 19 2a 34 4c 92 c1 121 242 308 450 580 604 860 902 a80 c01 1084 1110 1220 1402 1808 20a0 2140 2210 2408 2804 3001}
{7 19 2a 34 4c 92 c1 121 242 308 450 580 604 860 902 a80 c01 1084 1140 1210 1420 1808 20a0 2104 2201 2408 2810 3002}
{7 19 2a 34 4c 92 c1 121 242 308 450 580 604 860 902 a80 c01 1084 1140 1210 1420 1808 20a0 2110 2201 2408 2804 3002}
{7 19 2a 34 4c 92 c1 121 242 308 450 580 604 860 902 a80 c01 1088 1104 1220 1402 1810 20a0 2140 2210 2408 2804 3001}
{7 19 2a 34 4c 92 c1 121 242 308 450 580 604 860 902 a80 c08 1084 1140 1220 1401 1810 20a0 2110 2201 2402 2804 3008}
{7 19 2a 34 4c 92 c1 121 242 308 450 580 604 860 904 a80 c01 1088 1140 1210 1420 1802 20a0 2110 2201 2402 2808 3004}
{7 19 2a 34 4c 92 c1 121 242 308 450 580 604 860 904 a80 c02 1084 1110 1220 1401 1808 20a0 2102 2201 2408 2810 3040}
{7 19 2a 34 4c 92 c1 121 242 308 450 580 604 860 904 a80 c02 1084 1110 1220 1401 1808 20a0 2102 2210 2408 2801 3040}
{7 19 2a 34 4c 92 c1 121 242 308 450 580 604 860 904 a80 c02 1084 1110 1220 1401 1808 20a0 2140 2201 2408 2810 3002}
{7 19 2a 34 4c 92 c1 121 242 308 450 580 604 860 910 a80 c01 1084 1140 1220 1402 1808 2088 2102 2201 2420 2804 3010}
{7 19 2a 34 4c 92 c1 121 242 308 450 580 604 860 910 a80 c01 1084 1140 1220 1402 1808 2088 2104 2201 2420 2802 3010}
{7 19 2a 34 4c 92 c1 121 242 308 450 580 604 860 910 a80 c01 1084 1140 1220 1402 1808 20a0 2104 2201 2408 2802 3010}
{7 19 2a 34 4c 92 c1 121 242 308 450 580 604 860 910 a80 c01 1084 1140 1220 1408 1802 20a0 2104 2201 2402 2808 3010}
{7 19 2a 34 4c 92 c1 121 242 308 450 580 604 860 910 a80 c01 1088 1102 1210 1420 1804 20a0 2104 2201 2408 2802 3040}
{7 19 2a 34 4c 92 c1 121 242 308 450 580 604 860 910 a80 c01 1088 1140 1220 1402 1804 20a0 2104 2201 2408 2802 3010}
{7 19 2a 34 4c 92 c1 121 242 308 450 580 604 884 940 a10 c20 1088 1104 1220 1402 1801 20a0 2110 2201 2408 2802 3040}
{7 19 2a 34 4c 92 c1 121 242 308 450 580 604 884 940 a20 c01 1088 1104 1210 1420 1802 20a0 2110 2201 2402 2808 3040}
{7 19 2a 34 4c 92 c1 121 242 308 450 580 620 860 902 a80 c04 1084 1140 1210 1401 1808 2088 2104 2201 2402 2810 3020}
{7 19 2a 34 4c 92 c1 121 242 308 450 580 620 860 902 a80 c04 1084 1140 1210 1401 1808 20a0 2104 2201 2408 2810 3002}
{7 19 2a 34 4c 92 c1 121 242 308 450 580 620 860 902 a80 c04 1084 1140 1210 1408 1801 20a0 2110 2204 2401 2808 3002}
{7 19 2a 34 4c 92 c1 121 242 308 450 580 620 860 904 a80 c01 1088 1102 1201 1404 1810 20a0 2110 2204 2408 2802 3040}
{7 19 2a 34 4c 92 c1 121 242 308 450 580 620 860 904 a80 c01 1088 1140 1210 1404 1802 20a0 2102 2204 2408 2810 3001}
{7 19 2a 34 4c 92 c1 121 242 308 450 580 620 860 904 a80 c02 1084 1140 1210 1408 1801 2088 2102 2204 2401 2810 3020}
{7 19 2a 34 4c 92 c1 121 242 308 450 580 620 860 910 a80 c04 1084 1140 1201 1408 1802 2088 2104 2210 2402 2801 3020}
{7 19 2a 34 4c 92 c1 121 242 308 450 580 620 860 910 a80 c04 1084 1140 1201 1408 1802 20a0 2102 2204 2401 2808 3010}
{7 19 2a 34 4c 92 c1 121 242 308 450 580 620 860 910 a80 c04 1088 1104 1210 1402 1801 20a0 2102 2204 2401 2808 3040}
{7 19 2a 34 4c 92 c1 121 242 308 450 580 620 860 910 a80 c04 1088 1140 1204 1401 1802 20a0 2104 2201 2402 2808 3010}
{7 19 2a 34 4c 92 c1 121 242 308 450 580 620 860 910 a80 c04 1088 1140 1204 1402 1801 20a0 2104 2201 2408 2802 3010}
{7 19 2a 34 4c 92 c1 121 242 308 450 580 620 884 940 a10 c01 1088 1104 1201 1402 1820 20a0 2110 2204 2408 2802 3040}
{7 19 2a 34 4c 92 c1 121 242 308 460 502 680 884 940 a20 c10 1088 1104 1210 1401 1802 20a0 2110 2201 2404 2808 3040}
{7 19 2a 34 4c 92 c1 121 242 308 460 510 680 884 940 a01 c02 1088 1104 1220 1401 1810 20a0 2102 2210 2404 2808 3040}
{7 19 2a 34 4c 92 c1 121 242 308 460 510 680 884 940 a20 c08 1088 1104 1201 1402 1810 20a0 2102 2210 2404 2801 3040}
{7 19 2a 34 4c 92 c1 121 242 308 460 580 604 884 940 a20 c10 1088 1104 1210 1402 1801 20a0 2110 2201 2408 2802 3040}
{7 19 2a 34 4c 92 c1 121 242 310 450 580 601 860 904 a80 c08 1084 1108 1220 1402 1801 2088 2140 2204 2420 2802 3010}
{7 19 2a 34 4c 92 c1 121 242 310 450 580 601 860 904 a80 c08 1084 1108 1220 1402 1801 20a0 2102 2208 2404 2810 3040}
{7 19 2a 34 4c 92 c1 121 242 310 450 580 601 860 904 a80 c08 1084 1108 1220 1402 1810 2088 2140 2204 2420 2802 3001}
{7 19 2a 34 4c 92 c1 121 242 310 450 580 601 860 904 a80 c08 1084 1108 1220 1402 1810 20a0 2102 2208 2404 2801 3040}
{7 19 2a 34 4c 92 c1 121 242 310 450 580 601 860 904 a80 c08 1084 1108 1220 1402 1810 20a0 2140 2208 2404 2802 3001}
{7 19 2a 34 4c 92 c1 121 242 310 450 580 601 860 904 a80 c08 1088 1140 1204 1420 1802 20a0 2102 2208 2404 2801 3010}
{7 19 2a 34 4c 92 c1 121 242 310 450 580 601 860 904 a80 c08 1088 1140 1204 1420 1802 20a0 2102 2208 2404 2810 3001}
{7 19 2a 34 4c 92 c1 121 242 310 450 580 601 860 908 a80 c04 1084 1140 1208 1420 1802 2088 2104 2220 2402 2801 3010}
{7 19 2a 34 4c 92 c1 121 242 310 450 580 601 860 908 a80 c04 1084 1140 1208 1420 1802 20a0 2102 2204 2408 2801 3010}
{7 19 2a 34 4c 92 c1 121 242 310 450 580 601 860 908 a80 c04 1088 1104 1220 1402 1801 20a0 2102 2204 2408 2810 3040}
{7 19 2a 34 4c 92 c1 121 242 310 450 580 601 860 908 a80 c04 1088 1104 1220 1402 1810 20a0 2102 2204 2408 2801 3040}
{7 19 2a 34 4c 92 c1 121 242 310 450 580 601 860 908 a80 c04 1088 1140 1204 1420 1802 20a0 2104 2208 2402 2810 3001}
{7 19 2a 34 4c 92 c1 121 242 310 450 580 601 884 908 a20 c02 1088 1140 1204 1420 1810 20a0 2102 2208 2404 2840 3001}
{7 19 2a 34 4c 92 c1 121 242 310 450 580 601 884 940 a08 c20 1088 1104 1220 1402 1810 20a0 2102 2204 2408 2801 3040}
{7 19 2a 34 4c 92 c1 121 242 310 450 580 604 860 908 a80 c01 1088 1104 1201 1420 1802 20a0 2140 2208 2402 2804 3010}
{7 19 2a 34 4c 92 c1 121 242 310 450 580 604 860 908 a80 c01 1088 1104 1220 1402 1810 20a0 2102 2201 2408 2804 3040}
{7 19 2a 34 4c 92 c1 121 242 310 450 580 604 860 908 a80 c01 1088 1140 1220 1402 1804 20a0 2104 2201 2408 2802 3010}
{7 19 2a 34 4c 92 c1 121 242 310 450 580 608 860 902 a80 c04 1084 1140 1201 1420 1808 20a0 2108 2204 2402 2801 3010}
{7 19 2a 34 4c 92 c1 121 242 310 450 580 608 860 904 a80 c01 1084 1108 1220 1402 1810 20a0 2102 2201 2404 2808 3040}
{7 19 2a 34 4c 92 c1 121 242 310 450 580 608 860 904 a80 c01 1088 1140 1204 1420 1802 20a0 2102 2201 2404 2808 3010}
{7 19 2a 34 4c 92 c1 121 242 310 450 580 608 860 904 a80 c02 1084 1108 1220 1401 1810 20a0 2102 2201 2404 2808 3040}
{7 19 2a 34 4c 92 c1 121 242 310 450 580 608 860 904 a80 c02 1084 1140 1220 1401 1808 20a0 2108 2201 2404 2810 3002}
{7 19 2a 34 4c 92 c1 121 242 310 450 580 620 860 904 a80 c08 1084 1108 1201 1402 1810 2088 2140 2204 2401 2802 3020}
{7 19 2a 34 4c 92 c1 121 242 310 450 580 620 860 904 a80 c08 1088 1140 1201 1404 1802 20a0 2108 2204 2402 2801 3010}
{7 19 2a 34 4c 92 c1 121 242 310 450 580 620 860 904 a80 c08 1088 1140 1204 1402 1801 20a0 2108 2201 2404 2802 3010}
{7 19 2a 34 4c 92 c1 121 242 310 450 580 620 860 908 a80 c04 1084 1140 1208 1401 1802 20a0 2102 2204 2408 2801 3010}
{7 19 2a 34 4c 92 c1 142 250 301 460 504 680 884 910 a20 c08 1088 1120 1204 1402 1801 20a0 2108 2202 2401 2840 3010}
{7 19 2a 34 4c 92 c1 142 250 301 460 504 680 884 920 a08 c01 1088 1110 1220 1402 1840 20a0 2108 2204 2410 2802 3001}
{7 19 2a 34 4c 92 c1 142 250 301 460 504 680 884 920 a08 c10 1088 1110 1220 1401 1802 20a0 2108 2204 2402 2801 3040}
{7 19 2a 34 4c 92 c1 142 250 301 460 504 680 884 920 a08 c10 1088 1110 1220 1402 1801 20a0 2108 2204 2401 2802 3040}
{7 19 2a 34 4c 92 c1 142 250 301 460 508 680 884 920 a08 c10 1088 1104 1220 1401 1802 20a0 2110 2204 2402 2801 3040}
{7 19 2a 34 4c 92 c1 142 250 304 460 508 680 884 910 a20 c01 1088 1120 1201 1410 1802 20a0 2101 2208 2402 2840 3004}
{7 19 2a 34 4c 92 c1 142 250 304 460 508 680 884 920 a02 c01 1088 1101 1220 1402 1810 20a0 2110 2201 2404 2808 3040}
{7 19 2a 34 4c 92 c1 142 250 304 460 510 680 884 901 a20 c08 1088 1120 1202 1401 1840 20a0 2108 2201 2404 2802 3010}
{7 19 2a 34 4c 92 c1 142 250 304 460 510 680 884 908 a20 c01 1088 1120 1201 1402 1810 20a0 2101 2208 2404 2802 3040}
{7 19 2a 34 4c 92 c1 142 250 304 460 510 680 884 920 a08 c01 1088 1101 1220 1404 1802 20a0 2108 2201 2402 2840 3010}
{7 19 2a 34 4c 92 c1 142 250 304 460 580 602 884 908 a20 c01 1088 1120 1201 1404 1810 20a0 2101 2208 2410 2802 3040}
{7 19 2a 34 4c 92 c1 142 250 304 460 580 602 884 908 a20 c01 1088 1120 1201 1410 1840 20a0 2101 2208 2404 2810 3002}
{7 19 2a 34 4c 92 c1 142 250 320 460 504 680 884 901 a08 c10 1088 1110 1201 1402 1820 20a0 2108 2204 2401 2802 3040}
{7 19 2a 34 4c 92 c1 142 250 320 460 504 680 884 908 a01 c10 1088 1110 1202 1401 1820 20a0 2101 2204 2408 2802 3040}
{7 19 2a 34 4c 92 c1 142 250 380 460 504 608 884 920 a01 c10 1088 1101 1220 1402 1840 20a0 2108 2204 2401 2802 3010}
{7 19 2a 34 4c 92 121 1c0 241 284 442 488 700 850 902 a20 c04 1081 1104 1210 1420 1808 20a0 2108 2202 2410 2801 3040}
{7 19 2a 34 4c 92 121 1c0 241 284 442 488 700 850 904 a02 c20 1060 1108 1210 1401 1880 2081 2110 2220 2404 2808 3002}
{7 19 2a 34 4c 92 121 1c0 241 284 442 488 700 850 904 a02 c20 1060 1108 1210 1401 1880 20a0 2102 2208 2410 2801 3004}
{7 19 2a 34 4c 92 121 1c0 241 284 442 488 700 850 904 a02 c20 1081 1110 1220 1404 1808 20a0 2102 2208 2410 2801 3040}
{7 19 2a 34 4c 92 121 1c0 241 284 442 488 700 850 904 a08 c20 1060 1102 1210 1401 1880 2081 2110 2220 2404 2802 3008}
{7 19 2a 34 4c 92 121 1c0 241 284 442 488 700 850 904 a08 c20 1060 1102 1210 1401 1880 20a0 2108 2202 2410 2801 3004}
{7 19 2a 34 4c 92 121 1c0 241 284 442 488 700 850 904 a08 c20 1081 1110 1220 1404 1802 20a0 2108 2202 2410 2801 3040}
{7 19 2a 34 4c 92 121 1c0 241 284 442 488 700 850 904 a20 c01 1081 1108 1210 1420 1802 20a0 2110 2202 2404 2808 3040}
{7 19 2a 34 4c 92 121 1c0 241 284 442 488 700 850 904 a20 c01 1081 1110 1208 1420 1802 20a0 2102 2210 2404 2808 3040}
{7 19 2a 34 4c 92 121 1c0 241 284 442 488 700 850 908 a20 c01 1060 1110 1202 1404 1880 2081 2102 2210 2420 2804 3008}
{7 19 2a 34 4c 92 121 1c0 241 284 442 488 700 850 908 a20 c01 1060 1110 1202 1404 1880 2081 2104 2210 2420 2802 3008}
{7 19 2a 34 4c 92 121 1c0 241 284 442 488 700 850 908 a20 c01 1060 1110 1202 1404 1880 20a0 2102 2208 2410 2804 3001}
{7 19 2a 34 4c 92 121 1c0 241 284 442 488 700 850 908 a20 c04 1081 1104 1210 1420 1802 20a0 2102 2208 2410 2801 3040}
{7 19 2a 34 4c 92 121 1c0 241 284 442 488 700 860 902 a10 c01 1081 1110 1220 1404 1808 20a0 2108 2202 2410 2804 3040}
{7 19 2a 34 4c 92 121 1c0 241 284 442 488 700 860 910 a08 c01 1081 1104 1210 1420 1802 20a0 2108 2202 2410 2804 3040}
{7 19 2a 34 4c 92 121 1c0 241 284 442 4a0 700 850 902 a08 c01 1060 1108 1210 1404 1880 2088 2104 2202 2410 2820 3001}
{7 19 2a 34 4c 92 121 1c0 241 284 442 4a0 700 850 902 a08 c01 1081 1110 1220 1408 1804 2088 2104 2202 2410 2820 3040}
{7 19 2a 34 4c 92 121 1c0 241 284 442 4a0 700 850 904 a08 c01 1081 1110 1220 1408 1802 2088 2102 2210 2404 2820 3040}
{7 19 2a 34 4c 92 121 1c0 241 284 442 4a0 700 850 908 a02 c01 1060 1104 1208 1410 1880 2088 2102 2210 2404 2820 3001}
{7 19 2a 34 4c 92 121 1c0 241 284 442 4a0 700 850 908 a02 c01 1081 1110 1220 1408 1804 2088 2102 2210 2404 2820 3040}
{7 19 2a 34 4c 92 121 1c0 241 284 442 4a0 700 850 908 a02 c04 1081 1104 1210 1408 1820 2088 2102 2220 2410 2801 3040}
{7 19 2a 34 4c 92 121 1c0 241 284 442 4a0 700 860 908 a02 c10 1081 1110 1220 1408 1804 2088 2102 2210 2404 2801 3040}
{7 19 2a 34 4c 92 121 1c0 241 284 442 4a0 700 860 908 a10 c04 1081 1110 1220 1408 1802 2088 2104 2202 2410 2801 3040}
{7 19 2a 34 4c 92 121 1c0 241 284 442 4a0 700 860 910 a08 c01 1081 1102 1210 1408 1804 2088 2104 2220 2410 2802 3040}
{7 19 2a 34 4c 92 121 1c0 241 284 442 504 608 850 881 b00 c20 1060 1102 1210 1480 1808 2088 2110 2220 2401 2802 3004}
{7 19 2a 34 4c 92 121 1c0 241 284 442 504 610 850 888 b00 c20 1060 1102 1208 1480 1801 2081 2110 2220 2408 2802 3004}
{7 19 2a 34 4c 92 121 1c0 241 284 442 504 610 850 888 b00 c20 1060 1108 1202 1480 1801 2081 2102 2220 2408 2804 3010}
{7 19 2a 34 4c 92 121 1c0 241 284 442 504 610 850 888 b00 c20 1081 1110 1220 1408 1802 20a0 2108 2202 2401 2804 3040}
{7 19 2a 34 4c 92 121 1c0 241 284 442 504 610 850 908 a20 c80 1081 1102 1208 1420 1804 20a0 2110 2202 2408 2801 3040}
{7 19 2a 34 4c 92 121 1c0 241 284 442 504 610 860 908 a02 c80 1081 1110 1208 1420 1804 2088 2102 2220 2401 2810 3040}
{7 19 2a 34 4c 92 121 1c0 241 284 442 508 610 850 904 a20 c80 1081 1110 1202 1420 1808 20a0 2102 2208 2404 2801 3040}
{7 19 2a 34 4c 92 121 1c0 241 284 442 508 620 850 888 b00 c04 1081 1102 1208 1410 1820 20a0 2104 2210 2401 2802 3040}
{7 19 2a 34 4c 92 121 1c0 241 284 442 508 620 850 904 a02 c80 1081 1110 1208 1404 1820 20a0 2102 2210 2401 2808 3040}
{7 19 2a 34 4c 92 121 1c0 241 284 442 510 608 850 881 b00 c20 1060 1104 1202 1480 1808 20a0 2108 2210 2404 2802 3001}
{7 19 2a 34 4c 92 121 1c0 241 284 442 510 608 850 881 b00 c20 1060 1108 1202 1480 1804 2088 2104 2220 2401 2802 3010}
{7 19 2a 34 4c 92 121 1c0 241 284 442 510 608 850 888 b00 c20 1060 1104 1202 1480 1801 2081 2108 2220 2404 2802 3010}
{7 19 2a 34 4c 92 121 1c0 241 284 442 510 608 850 888 b00 c20 1060 1104 1202 1480 1801 20a0 2102 2210 2401 2804 3008}
{7 19 2a 34 4c 92 121 1c0 241 284 442 510 608 860 888 b00 c01 1081 1104 1210 1420 1802 20a0 2108 2202 2404 2810 3040}
{7 19 2a 34 4c 92 121 1c0 241 284 442 510 608 860 904 a02 c80 1081 1108 1220 1404 1810 20a0 2102 2210 2401 2808 3040}
{7 19 2a 34 4c 92 121 1c0 241 284 442 510 608 860 908 a02 c80 1088 1104 1220 1401 1810 20a0 2102 2210 2404 2801 3040}
{7 19 2a 34 4c 92 121 1c0 241 284 442 510 620 850 888 b00 c04 1060 1108 1202 1480 1801 2081 2102 2210 2408 2820 3004}
{7 19 2a 34 4c 92 121 1c0 241 284 450 488 700 860 908 a02 c01 1081 1102 1220 1404 1810 20a0 2110 2208 2402 2804 3040}
{7 19 2a 34 4c 92 121 1c0 241 284 450 488 700 860 908 a10 c02 1081 1102 1208 1420 1804 20a0 2110 2202 2404 2801 3040}
{7 19 2a 34 4c 92 121 1c0 241 304 442 484 610 850 888 a20 d00 1060 1108 1280 1401 1802 2081 2102 2208 2420 2804 3010}
{7 19 2a 34 4c 92 121 1c0 241 304 442 484 610 850 888 a20 d00 1060 1108 1280 1401 1802 20a0 2110 2202 2408 2801 3004}
{7 19 2a 34 4c 92 121 241 284 302 442 481 504 850 8a0 908 e00 1060 1180 1208 1410 1801 2088 2140 2210 2420 2804 3002}
{7 19 2a 34 4c 92 121 241 284 302 442 481 504 850 980 a08 c20 10a0 1140 1210 1408 1802 20c0 2108 2220 2410 2804 3001}
{7 19 2a 34 4c 92 121 241 284 302 442 488 510 850 8a0 904 e00 1060 1180 1208 1401 1802 2081 2140 2210 2420 2808 3004}
{7 19 2a 34 4c 92 121 241 284 302 442 488 510 850 8a0 904 e00 1060 1180 1210 1401 1808 2081 2140 2208 2420 2802 3004}
{7 19 2a 34 4c 92 121 241 284 302 442 488 510 850 980 a20 c01 1060 1081 1108 1600 1804 20a0 2140 2210 2404 2808 3002}
{7 19 2a 34 4c 92 121 241 284 302 442 488 510 860 881 908 e00 10a0 1140 1210 1401 1804 20c0 2104 2208 2420 2810 3002}
{7 19 2a 34 4c 92 121 241 284 302 442 4a0 508 850 980 a08 c04 1088 1140 1220 1410 1801 20c0 2104 2210 2401 2820 3002}
{7 19 2a 34 4c 92 121 241 284 302 442 4a0 510 850 888 904 e00 1060 1180 1208 1404 1801 2081 2140 2210 2408 2820 3002}
{7 19 2a 34 4c 92 121 241 284 302 442 4a0 510 850 980 a08 c04 1088 1140 1210 1401 1820 20c0 2104 2220 2408 2801 3002}
{7 19 2a 34 4c 92 121 241 284 302 442 4a0 510 860 980 a08 c04 1081 1140 1210 1408 1802 20c0 2108 2220 2401 2810 3004}
{7 19 2a 34 4c 92 121 241 284 308 442 481 510 850 8a0 902 e00 1060 1180 1210 1404 1808 20c0 2104 2220 2408 2801 3002}
{7 19 2a 34 4c 92 121 241 284 308 442 488 504 850 8a0 902 e00 1081 1140 1210 1420 1804 20c0 2110 2220 2401 2808 3002}
{7 19 2a 34 4c 92 121 241 284 308 442 488 510 850 980 a02 c20 1060 1081 1104 1600 1808 20c0 2102 2220 2401 2804 3010}
{7 19 2a 34 4c 92 121 241 284 308 442 488 510 850 980 a20 c04 1060 1081 1104 1600 1802 20c0 2102 2210 2420 2801 3008}
{7 19 2a 34 4c 92 121 241 284 308 442 4a0 504 850 881 902 e00 1060 1180 1210 1401 1808 2088 2140 2220 2410 2804 3002}
{7 19 2a 34 4c 92 121 241 284 308 442 4a0 504 850 881 902 e00 1060 1180 1210 1401 1808 20c0 2110 2202 2408 2820 3004}
{7 19 2a 34 4c 92 121 241 284 308 442 4a0 504 850 881 902 e00 1088 1140 1202 1410 1820 20c0 2110 2220 2408 2804 3001}
{7 19 2a 34 4c 92 121 241 284 308 442 4a0 504 850 881 902 e00 1088 1140 1220 1410 1804 20c0 2110 2202 2408 2820 3001}
{7 19 2a 34 4c 92 121 241 284 308 442 4a0 504 850 888 902 e00 1060 1180 1202 1410 1801 20c0 2110 2220 2401 2804 3008}
{7 19 2a 34 4c 92 121 241 284 308 442 4a0 504 850 980 a02 c01 1088 1140 1220 1410 1804 20c0 2102 2210 2408 2820 3001}
{7 19 2a 34 4c 92 121 241 284 308 442 4a0 504 850 980 a02 c08 1081 1140 1220 1410 1804 20c0 2102 2210 2401 2820 3008}
{7 19 2a 34 4c 92 121 241 284 308 442 4a0 510 850 881 902 e00 1060 1180 1210 1404 1808 2088 2140 2220 2401 2804 3002}
{7 19 2a 34 4c 92 121 241 284 308 442 4a0 510 850 881 902 e00 1060 1180 1210 1404 1808 20c0 2104 2202 2408 2820 3001}
{7 19 2a 34 4c 92 121 241 284 308 442 4a0 510 850 881 904 e00 1060 1180 1202 1404 1808 2088 2140 2220 2401 2802 3010}
{7 19 2a 34 4c 92 121 241 284 308 442 4a0 510 850 980 a02 c01 1060 1081 1104 1600 1808 2088 2140 2210 2404 2820 3002}
{7 19 2a 34 4c 92 121 241 284 308 442 4a0 510 850 980 a02 c04 1060 1081 1104 1600 1808 2088 2140 2210 2401 2820 3002}
{7 19 2a 34 4c 92 121 241 284 308 442 4a0 510 860 881 904 e00 1088 1140 1210 1404 1802 20c0 2102 2220 2408 2810 3001}
{7 19 2a 34 4c 92 121 241 284 308 442 580 610 850 888 902 c20 1060 1081 1110 1404 1a00 20c0 2104 2220 2408 2801 3002}
{7 19 2a 34 4c 92 121 241 284 308 442 580 610 860 881 904 c08 10a0 1140 1202 1404 1810 20c0 2110 2220 2401 2802 3008}
{7 19 2a 34 4c 92 121 241 284 308 442 580 620 850 888 902 c01 1060 1081 1110 1404 1a00 20a0 2140 2202 2410 2804 3008}
{7 19 2a 34 4c 92 121 241 284 308 442 580 620 850 888 902 c01 10a0 1140 1202 1410 1804 20c0 2104 2210 2408 2820 3001}
{7 19 2a 34 4c 92 121 241 284 310 442 580 608 850 881 904 c20 10a0 1140 1202 1410 1808 20c0 2108 2220 2404 2802 3001}
{7 19 2a 34 4c 92 141 184 242 308 450 481 620 860 910 a80 c08 1088 1120 1201 1402 1804 20a0 2102 2210 2404 2801 3040}
{7 19 2a 34 4c 92 141 1a0 242 308 450 504 680 860 881 a04 c08 1084 1102 1220 1401 1810 2088 2110 2201 2420 2802 3040}
{7 19 2a 4c 70 92 a4 114 221 302 441 508 680 842 980 a04 c10 1088 1120 1240 1404 1801 20c0 2101 2210 2420 2808 3002}
{7 19 2a 4c 70 92 a4 114 221 302 441 508 680 842 980 a04 c10 1088 1140 1210 1420 1801 20c0 2101 2208 2404 2820 3002}
{7 19 2a 4c 70 92 a4 114 221 302 441 520 680 842 980 a04 c08 1081 1140 1208 1402 1810 20c0 2108 2210 2404 2801 3020}
{7 19 2a 4c 70 92 a4 114 221 302 441 520 680 842 980 a04 c08 1088 1140 1210 1404 1801 20c0 2101 2208 2410 2820 3002}
{7 19 2a 4c 70 92 114 188 221 2c0 424 501 608 841 920 a02 c80 1042 1084 1300 1410 1808 2081 2140 2210 2402 2804 3020}
{7 19 2a 4c 70 92 114 188 221 302 424 4c0 610 841 884 a08 d00 1042 1120 1280 1401 1810 2081 2140 2204 2402 2820 3008}
{1f e3 16c 2b4 351 38a 4d8 932 c86 d09 e60 1185 1431 1542 160c 1854 18a8 1a03 2229 2445 25a0 2612 284a 2891 2b04 3026 3118 32c0}
