a(16) >= 48:
0000000000011111
0000000011100011
0000000101101100
0000001010110100
0000010011011000
0000011100000011
0000100100110001
0000101000101010
0000101111000000
0001000110001001
0001010000110010
0001011000001100
0001100100000110
0001110001000001
0010000110010010
0010010010000101
0010011001100000
0010100001010100
0010110100001000
0011000001001010
0011001000010001
0011100010100000
0100001001001001
0100010001000110
0100010110100000
0100100010001100
0100111000010000
0101000000100101
0101000101010000
0101001010000010
0110000000111000
0110001100000100
0110100000000011
1000001001010010
1000010000101001
1000010100010100
1000101000000101
1000110010000010
1001000011000100
1001001100100000
1001100000011000
1010000000100110
1010000101000001
1010001010001000
1100000010010001
1100000100001010
1100100001100000
1111010000000000
