a(17) >= 68:
01000000000001111
00000001100010011
00000010010100011
00101000001000011
10010100000000011
00000100000110101
00000010101000101
00011000010000101
10100001000000101
00100000010011001
10000000001101001
00001100100001001
00010011000001001
01010000001010001
10001010000010001
00110000100100001
01001001000100001
00000101011000001
11000000110000001
01100110000000001
10000000010010110
00010000001100110
00100100100000110
00001011000000110
00011000000011010
00000101000101010
00000000111001010
10100010000001010
01100000000110010
00000110001010010
10001000100100010
11000001001000010
00110001010000010
01001100010000010
01010010100000010
00000001001011100
00101000000101100
00000110010001100
10010000100001100
01001000100010100
00110010000010100
00000001110100100
11000010000100100
01100000011000100
10001100001000100
01010101000000100
00000010100111000
11000100000011000
01010000010101000
01001010001001000
00110100001001000
10001001010001000
01100001100001000
00001000011110000
10010001000110000
10100000101010000
00010100110010000
01000011010010000
00101101000010000
01000100101100000
00100011001100000
10100100010100000
00011110000100000
10010010011000000
00011001101000000
00101010110000000
10000111100000000
11111000000000000
