a(17) >= 52:
00000000000011111
00000000011100011
00000000101101100
00000001010110100
00000010011011000
00000011100000011
00000100100110001
00000101000101010
00000101111000000
00001000110001001
00001010000110010
00001011000001100
00001100100000110
00001110001000001
00010000110010010
00010010010000101
00010011001100000
00010100001010100
00010110100001000
00011000001001010
00011001000010001
00011100010100000
00100001001001001
00100010001000110
00100010110100000
00100100010001100
00100111000010000
00101000000100101
00101000101010000
00101001010000010
00110000000111000
00110001100000100
00110100000000011
01000001001010010
01000010000101001
01000010100010100
01000101000000101
01000110010000010
01001000011000100
01001001100100000
01001100000011000
01010000000100110
01010000101000001
01010001010001000
01100000010010001
01100000100001010
01100100001100000
01111010000000000
10000001100011000
10000110000100100
10110000011000000
11001000000000011

